717 429 342
1131 168 1151
1596 67 1030
677 -519 800
-244 -1069 454
262 -37 1135
721 839 268
881 1778 1143
1571 747 979
1802 948 326
815 -397 -28
2 277 -111
712 880 539
902 953 792
155 440 1104
-296 996 1012
189 647 1158
824 1022 965
794 838 1121
314 188 750
722 855 -209
334 520 664
-620 -124 -59
462 547 761
940 -260 573
1547 812 542
730 1315 526
-9 1163 -52
686 384 577
-111 -326 302
9 -303 52
-45 273 459
208 1465 675
826 1234 863
999 245 905
1266 -523 888
243 -583 774
553 414 940
-29 1184 1070
337 513 -21
664 862 -608
1025 639 297
1133 431 1194
703 1360 1385
482 641 591
685 40 -16
55 683 818
1018 63 790
1512 -288 482
349 490 32
-183 1176 -417
162 522 752
128 873 835
828 251 75
1037 577 326
663 488 834
1109 614 539
1213 964 568
1623 869 439
934 902 524
-122 706 -219
-521 842 95
27 816 1027
1065 370 415
1103 410 475
713 -451 941
151 -451 368
842 352 527
429 1157 782
617 456 126
619 267 -232
150 320 -63
501 471 523
1508 170 977
699 718 314
653 1272 370
-244 1040 959
-360 936 917
623 762 99
1133 563 202
152 487 1010
973 -557 23
1277 462 772
784 1203 1143
-250 752 1066
281 1 440
918 30 542
1615 624 23
1225 1436 -219
540 622 -356
-20 1000 582
-655 978 1045
-182 -110 523
507 684 841
905 606 845
442 821 592
277 851 161
890 344 -317
155 -152 -440
122 -572 705
-107 534 162
512 1350 -72
1486 381 80
1039 339 192
681 1075 1189
384 929 319
-309 566 997
774 554 391
372 183 158
429 -514 -228
-281 -369 725
635 756 1067
917 1569 151
961 1155 303
756 223 998
333 -697 913
-540 344 418
162 867 47
742 196 450
876 -13 336
1124 279 59
753 771 337
181 1366 638
32 609 251
4 105 379
904 439 559
248 33 1233
338 615 672
464 1393 259
483 1215 459
100 376 187
-183 423 681
472 228 858
1362 589 394
1212 -192 663
640 -237 1183
273 634 1787
-162 1227 629
265 864 620
1201 895 306
794 917 -238
27 1011 639
-300 703 1204
738 373 1017
601 -139 235
439 -507 771
532 -482 351
-278 422 723
-332 755 82
-83 1636 492
1001 1295 399
1521 569 783
995 1 674
267 271 670
-131 -439 997
736 210 432
393 997 -76
311 475 549
201 156 622
1103 -37 -28
715 758 -349
458 1285 236
-100 731 1077
-254 1174 84
141 824 46
0 456 808
163 120 1652
478 489 1048
603 215 323
511 607 -138
751 394 -34
218 454 -5
-20 -54 652
666 -942 1093
1611 98 1662
765 771 1698
-53 1305 1181
-340 861 477
297 212 4
1297 615 -219
764 542 473
-188 559 -165
351 59 654
-378 766 820
625 339 765
1175 679 203
551 538 -495
434 703 184
382 -121 373
144 348 60
391 1013 429
339 1572 563
955 1554 649
974 890 135
289 519 941
114 -428 1185
-47 -699 624
951 280 172
1432 823 111
1156 644 -233
302 1432 245
332 419 948
-395 1304 810
238 611 160
1157 -158 432
642 624 480
-69 132 534
-318 432 1179
669 -223 1185
1164 250 1006
1315 119 737
972 679 576
361 1334 -207
-32 450 258
168 548 852
-38 975 500
-492 381 154
633 312 772
782 476 852
300 739 806
46 1588 567
-152 794 1164
928 585 613
372 -7 659
46 -490 128
789 -404 -465
501 -127 430
1460 705 83
622 1379 533
5 566 1262
-4 409 1100
254 1155 155
172 1230 992
205 793 471
537 3 846
1017 -4 242
1398 763 346
829 339 -162
248 1207 786
795 647 1328
102 -85 1402
-330 930 435
262 166 -337
227 299 -107
313 707 980
439 219 773
1148 25 1005
718 -92 167
256 276 -111
917 543 633
266 1250 703
0 1010 557
-24 375 416
533 236 277
110 -326 85
5 -375 678
448 158 1266
909 878 1346
342 381 1126
935 -465 479
1499 271 1115
974 882 786
418 1310 1082
577 377 299
531 983 -43
700 309 72
121 210 -20
-123 -419 597
37 749 467
592 1471 672
1093 819 848
1336 -58 804
388 -584 341
-62 -443 391
266 692 -44
410 1311 305
950 606 1265
524 451 1750
-13 712 1067
277 1066 393
765 1246 541
1156 613 74
719 -49 -50
669 -135 -55
369 110 303
-527 356 -356
98 -132 -240
810 964 329
962 576 1224
1225 130 1124
1194 216 553
58 497 608
397 435 -466
1243 -96 282
768 622 454
625 1250 802
402 678 1031
330 984 725
-484 333 730
99 237 1572
1061 704 352
709 759 91
728 -78 -127
787 514 812
648 61 1515
406 64 1083
-273 786 442
-79 1260 341
67 710 -225
369 409 343
657 40 -333
623 810 140
-121 851 894
377 797 1420
697 136 530
1281 -144 405
149 -807 198
618 -409 740
514 511 302
1092 732 939
1226 1445 1001
19 1480 1388
932 286 809
1141 494 1125
724 -79 427
19 -26 -179
-5 772 50
274 826 533
1189 944 525
659 963 94
790 516 744
66 1074 -295
-237 726 -136
-312 864 858
-114 283 1593
673 -443 1373
176 -127 431
685 474 -319
816 1141 -369
1037 1154 702
920 1228 933
109 857 567
374 -14 484
1020 909 1300
370 1417 498
1086 745 378
165 508 119
815 449 59
516 -277 583
-89 36 539
419 -249 1299
895 498 852
331 808 86
1256 747 839
204 1026 839
-262 766 -88
466 1534 -185
1114 1119 499
1504 84 966
547 -69 1300
264 160 459
683 304 677
517 1116 -370
439 1488 376
115 588 161
-150 803 684
-298 119 926
536 -25 727
933 1036 905
955 1058 1066
55 454 636
1088 260 791
769 -437 -34
20 262 -172
-96 796 667
-336 384 1486
148 545 1441
779 826 403
1066 1002 166
940 227 -516
1110 923 706
128 188 723
57 183 847
526 531 504
601 892 -155
952 1341 -66
1430 1022 22
1095 1564 695
950 596 19
903 -45 1024
473 294 1435
337 949 477
1016 276 258
1136 445 904
406 1033 256
-146 507 74
366 826 347
415 548 926
628 145 619
62 -530 87
834 -835 538
162 176 -234
610 1035 302
35 1803 -185
612 980 975
87 -77 196
684 -270 364
1233 898 210
1300 52 94
949 802 983
363 67 747
-424 782 148
-154 148 679
590 477 1084
1024 530 366
1146 780 251
377 809 78
-233 928 533
319 -305 1153
-79 335 1608
581 331 1788
610 995 1013
629 1612 275
405 424 -328
1186 278 -44
1235 706 -489
886 791 -63
361 1105 850
-275 1032 1044
206 681 189
-292 221 124
431 -315 1182
-71 700 822
619 -72 922
202 175 73
686 288 -396
418 1073 -245
462 1300 257
608 618 341
299 109 1294
-366 285 1040
361 890 568
1173 1566 -72
620 825 567
754 464 584
524 408 202
-30 1144 996
769 708 1721
80 272 1004
441 94 336
703 250 477
81 -66 -304
1117 -392 397
832 256 235
-82 -703 879
-177 102 64
679 778 661
675 1174 1213
855 1398 683
1430 850 1282
681 80 537
-103 798 -90
-360 647 -97
339 500 -154
505 1365 456
496 505 47
1304 -128 295
560 839 689
554 223 669
397 -238 624
-41 574 1047
-402 314 265
503 -535 -391
168 523 185
341 460 614
1108 1539 387
620 773 100
501 608 639
992 482 1161
216 -163 962
-342 979 735
800 255 735
1016 173 459
924 -382 -433
529 462 478
-67 1119 125
153 1151 849
171 541 154
982 -45 372
476 387 1207
10 186 1305
453 86 1078
65 39 527
1066 977 481
398 389 241
-401 -579 434
-322 203 -295
787 817 428
474 878 -203
958 157 856
1094 610 172
371 1452 744
430 1570 391
-223 622 596
-350 209 -213
-45 271 654
636 452 826
738 -322 31
-97 -20 542
786 581 1253
918 568 410
850 979 852
697 899 491
274 1004 906
-616 498 275
73 407 55
287 542 298
514 686 -110
796 1312 532
849 650 171
1220 1080 185
1182 907 816
322 894 1241
59 799 630
467 -35 934
393 -589 72
-205 139 -64
183 352 453
1155 653 944
1046 1402 1447
108 762 263
-431 182 -86
139 -222 554
1274 473 794
539 327 1024
778 -73 513
-315 552 306
223 324 680
243 -157 948
656 -35 1444
788 349 570
1329 936 150
1924 1640 793
733 663 1033
325 -235 770
734 195 233
1170 808 848
738 545 793
543 -165 27
135 224 71
5 1088 -310
-90 1180 399
-38 837 641
711 865 1261
501 755 1835
24 90 821
-18 -260 487
170 74 37
-180 1082 68
762 458 -619
280 133 72
32 -163 301
473 854 1263
-6 928 908
535 77 1459
305 -122 694
562 -83 -10
625 624 -176
-23 500 -595
1101 745 371
1008 1144 1009
237 467 1248
-292 761 222
675 731 432
567 868 261
1077 823 694
43 702 317
423 1245 899
982 1276 215
1275 744 1181
529 129 235
-341 244 -48
167 -188 456
1083 339 463
737 679 876
731 395 1009
311 634 354
-55 342 853
-139 -135 598
184 -16 140
153 33 29
-363 -218 -135
556 92 660
437 236 -43
-383 927 -569
366 -123 230
904 580 566
1314 414 1279
493 1069 615
202 1330 1339
727 1259 722
1230 661 26
711 -385 -840
1058 22 -127
486 699 849
789 567 1170
1076 661 183
1263 148 615
771 191 845
119 841 825
1 1153 1115
-164 469 616
101 335 1246
531 320 386
105 1170 51
514 892 479
100 324 306
918 128 636
1398 754 560
1522 564 441
784 1341 -525
-93 630 452
-418 -128 864
-180 708 1022
855 1072 927
659 474 -13
1039 320 619
174 620 892
534 715 412
795 1123 749
629 831 403
304 180 -129
711 874 -480
121 519 157
293 -106 1216
941 155 539
1142 -424 -53
714 831 256
647 1153 641
456 527 211
1118 654 829
417 131 852
606 -210 570
524 446 385
644 427 476
516 -13 784
217 -696 -9
-671 158 -690
-398 948 273
49 87 605
809 696 1324
1568 465 904
1346 938 398
1128 1248 579
463 611 -271
-466 845 6
-85 154 571
535 132 817
373 612 617
955 1017 192
433 1144 788
591 1368 606
1239 157 641
37 203 375
773 1111 96
-201 32 344
290 748 537
821 201 1160
1396 948 530
728 1226 770
545 992 496
1190 313 457
-4 597 291
726 -134 348
1031 -223 149
413 533 1102
670 1377 1443
-52 666 668
722 308 505
1366 1068 78
659 776 348
570 196 156
679 868 30
271 38 27
871 15 -66
655 748 -436
268 953 -232
-484 285 544
190 -482 1095
1030 127 1567
1510 235 1120
793 791 142
713 1142 237
581 849 564
-129 339 543
48 84 -26
442 142 947
970 -542 886
672 -140 98
593 543 706
1433 348 -326
1750 1068 204
655 181 317
-383 512 465
-524 1025 1161
430 1762 2080
835 952 1352
1695 567 407
826 628 -632
-124 201 -880
95 -438 48
829 -466 654
798 -299 1327
511 772 641
921 696 1271
485 1158 1071
345 591 1243
277 10 256
17 647 481
453 583 58
340 -50 229
222 257 796
469 666 860
736 462 1056
586 593 202
-259 458 412
481 951 41
1081 1516 4
568 1462 896
1235 1064 1272
925 586 552
933 -348 -56
718 327 359
-61 874 1267
361 735 189
-568 1597 -118
435 1001 166
1396 77 911
1122 -747 1204
415 -368 948
-320 446 135
328 689 483
461 1242 412
1163 248 558
389 762 996
-145 1048 1369
679 1281 434
948 579 1009
-2 910 981
287 349 376
736 673 -428
875 -86 -67
999 364 402
1538 277 804
920 926 296
194 441 969
399 -198 1731
2 164 988
-621 846 816
210 -84 -186
68 131 -218
669 883 339
1173 455 441
1308 974 629
302 428 254
129 879 110
931 970 373
1097 1046 707
884 1257 1378
181 247 557
748 -315 613
339 88 606
401 279 961
306 694 543
157 1126 539
415 1745 547
836 1024 184
432 1136 587
457 340 1184
25 188 380
252 -127 878
-33 837 44
-419 156 960
-26 734 637
656 1175 -168
970 977 37
844 325 -373
704 -86 611
740 67 1000
1265 603 1152
1435 495 418
571 213 732
373 -406 504
170 -60 -59
991 954 -216
591 1455 -174
-212 1231 835
188 340 852
188 -272 600
853 213 -183
864 -33 -360
1476 563 468
1383 978 119
598 1563 753
-114 894 1279
-774 0 1020
-23 731 755
862 828 760
897 -46 893
464 318 1720
-429 739 975
257 1447 184
792 1029 -35
647 522 410
79 797 499
700 249 95
556 1030 -336
340 786 -274
-391 593 746
-170 -78 478
696 522 255
971 -340 175
632 35 579
1102 504 932
1234 658 1271
650 1517 360
-63 1516 -169
-73 403 245
-501 -429 544
206 1 454
897 1098 372
87 265 763
839 620 1098
1155 24 683
1138 764 1598
322 1338 882
886 707 728
110 762 -131
197 28 -691
460 758 288
388 291 632
1057 66 1247
226 126 1030
600 -201 236
1306 352 801
943 699 795
466 985 -163
95 954 -53
-19 -70 667
236 679 288
0 158 761
-6 640 685
157 430 1207
775 1035 663
931 1446 1016
1339 1452 687
367 312 542
79 593 142
8 -28 -141
-250 949 307
278 -61 800
985 -361 195
860 561 644
1250 1309 1300
1394 534 533
935 632 1240
-134 389 933
-453 566 151
224 597 1015
644 251 358
971 293 261
1104 883 -483
1873 931 325
639 295 1091
317 865 641
-501 1152 443
239 1113 1251
1172 1113 412
1436 94 -192
709 791 258
596 -24 -529
-151 873 251
529 1065 803
42 760 1275
587 606 1465
871 -173 1030
841 -541 243
387 -61 -366
44 594 344
-92 1114 1156
-348 662 941
193 769 400
672 773 339
1069 652 971
367 402 790
824 789 592
1365 1441 878
1002 632 320
1412 519 -15
658 728 255
-48 135 712
-59 319 1386
-424 -138 946
610 112 727
885 226 785
698 351 163
454 -159 267
-243 459 296
727 694 803
719 708 836
1435 236 282
495 -535 1113
-253 548 851
906 431 552
893 639 19
441 880 -681
-234 126 -1160
-1031 419 -291
-237 -128 669
662 -22 1145
1654 881 892
1324 909 721
848 1234 58
656 1231 545
-77 281 819
296 -511 729
364 -6 876
-50 -102 1309
84 701 1678
-209 1597 1299
306 885 631
904 398 165
1212 -108 338
1394 -16 -484
1171 617 239
971 883 972
0 653 807
130 657 681
897 153 766
926 708 612
1171 -152 417
418 -106 837
360 203 159
762 199 131
1075 889 30
250 1438 699
799 852 378
860 542 368
846 -162 686
65 78 453
-41 593 695
-339 1306 942
388 1226 1214
1113 140 634
881 612 825
739 391 428
-252 776 -220
626 1591 -264
-330 890 402
587 107 1308
960 -114 1203
776 -500 902
880 817 -48
237 1581 810
606 901 170
1069 259 1308
577 -541 565
-302 -286 -164
425 252 396
-218 555 366
804 124 -24
1194 1115 646
376 717 878
-142 182 42
-234 -72 -866
94 532 126
647 -9 989
1153 1258 883
875 878 230
1239 187 505
1048 -152 369
703 534 531
1 313 547
964 476 631
448 33 1066
-101 197 452
35 700 920
763 982 919
944 526 1151
219 546 539
412 512 427
173 169 848
-158 136 723
782 854 1390
693 871 493
554 768 1055
126 395 904
103 1186 22
-254 606 -251
348 705 -369
