1640 1466 1663
1629 1448 1664
1418 1241 1346
1029 975 1091
1326 1303 1395
1801 1792 1802
2219 2219 2012
1800 1863 1866
1810 1593 1689
1229 1229 1101
1089 1054 1160
1268 1474 1403
1797 1819 1840
1616 1655 1692
1293 1376 1501
1307 1492 1427
1608 1537 1628
1532 1533 1464
1139 1147 1206
975 974 1008
1110 1134 938
920 909 1062
1132 1159 1145
1291 1247 1247
1704 1559 1608
1337 1385 1267
1042 1203 1146
914 979 935
948 766 956
936 974 1031
1133 1125 1122
1581 1622 1660
1738 1792 1750
1612 1476 1586
1357 1183 1350
1181 1041 1164
1278 1364 1375
1520 1567 1468
1403 1540 1465
1400 1251 1198
1505 1523 1378
1767 1686 1797
1769 1696 1819
1335 1472 1375
1147 1047 1042
1188 1031 1051
1246 1388 1396
1489 1301 1321
1252 1120 1106
1015 1249 1067
1280 1423 1241
1590 1437 1617
1518 1560 1482
1652 1490 1417
1614 1605 1551
1679 1667 1714
1664 1607 1503
1557 1576 1483
1424 1375 1329
953 1045 1035
863 947 857
1130 1175 1191
1423 1315 1463
1461 1247 1253
1118 1074 1093
979 883 1066
1151 1164 1106
1448 1414 1322
1294 1435 1350
1163 1047 1035
1114 1080 1027
1367 1447 1415
1667 1674 1682
1667 1529 1598
1389 1601 1426
1323 1427 1336
1315 1404 1487
1279 1298 1300
1523 1382 1288
1492 1387 1428
1171 1271 1390
1566 1317 1324
1601 1653 1612
1447 1577 1528
1015 1082 1096
1208 1055 1000
1440 1404 1346
1495 1537 1338
1001 1206 1022
982 995 1030
955 1126 1143
986 1115 1127
1174 1036 1071
1241 1285 1203
1264 1217 1194
846 926 830
803 798 720
821 687 636
839 872 855
1040 972 1121
1393 1538 1299
1475 1496 1342
1464 1235 1348
1311 1373 1387
1146 1287 1290
1089 1095 1009
862 875 1033
1101 976 930
877 885 919
965 863 896
1293 1385 1501
1652 1652 1574
1468 1514 1336
1091 1040 1121
903 826 1023
869 790 890
924 1145 956
1317 1276 1176
1348 1194 1326
1246 1235 1216
1297 1340 1232
1323 1440 1409
1124 1283 1251
1076 1042 1094
1238 1232 1304
1482 1473 1445
1344 1421 1561
1331 1412 1291
1416 1525 1403
1260 1249 1328
1197 1146 1249
1291 1321 1413
1702 1585 1696
1613 1543 1518
1400 1339 1511
1400 1485 1591
1389 1553 1540
1330 1493 1273
1298 1257 1317
1336 1287 1259
1146 1231 1170
950 1066 1176
1124 1114 1281
1074 897 960
904 884 890
832 829 975
1168 1178 1136
1075 1289 1218
1418 1470 1355
1486 1568 1523
1651 1491 1513
1220 1074 1227
961 936 999
777 895 858
1027 970 1114
1161 1139 999
1107 1263 1081
1002 994 1086
1060 1086 1087
1196 1126 1024
1167 1400 1213
1146 1305 1295
1038 1099 1268
1008 1132 971
1138 1101 1161
1229 1217 1404
1264 1201 1393
1163 1147 1065
1056 971 982
1049 1072 1052
1205 1089 1219
1174 1199 1260
1248 1192 1406
1715 1528 1745
1717 1736 1724
1352 1551 1497
870 1041 912
854 856 804
1116 1016 976
1279 1247 1122
937 1038 1077
906 1032 909
1137 1011 1121
1237 1443 1310
1363 1225 1220
1153 1147 985
1090 1171 1047
1085 1167 1153
1317 1254 1311
1370 1499 1335
1605 1688 1607
1647 1747 1683
1419 1338 1360
1220 1135 1151
959 983 1124
1033 912 1057
1213 1167 1130
1548 1552 1361
1521 1530 1467
1298 1336 1297
1099 1327 1258
1327 1201 1414
1045 1266 1160
1262 1116 1166
1334 1141 1334
1171 1296 1292
1195 1206 1325
1293 1317 1424
1668 1455 1585
1441 1481 1398
1344 1339 1338
1088 1237 1155
955 1166 968
1021 1046 1184
1169 1227 1281
1060 1217 1113
1142 1198 1229
1424 1339 1437
1460 1512 1522
1210 1324 1295
1108 1245 1144
1156 1068 1273
1118 942 909
804 787 886
885 840 840
1300 1204 1131
1529 1600 1686
1712 1723 1588
1373 1602 1548
1235 1261 1441
1285 1321 1317
1474 1562 1354
1332 1371 1477
1319 1255 1257
1243 1094 1234
1513 1463 1387
1296 1328 1288
1289 1287 1322
1120 1313 1343
1255 1126 1272
860 868 995
702 894 692
1045 876 922
1212 1190 1258
1244 1262 1378
1330 1243 1288
1118 963 1064
1015 1052 1000
1089 1193 1150
1389 1326 1427
1163 1314 1283
911 908 973
1010 916 1061
1114 987 1090
1189 1134 1272
1412 1358 1546
1865 1790 1905
1730 1686 1697
1344 1308 1405
1549 1344 1412
1635 1620 1628
1518 1644 1518
994 1096 1080
1088 943 950
950 1039 922
1062 978 1061
920 984 983
1208 1131 1305
1529 1625 1496
1604 1591 1575
1375 1214 1359
1000 846 973
874 932 938
1160 1212 1238
1597 1684 1534
1675 1752 1728
1613 1492 1677
1273 1324 1379
1129 1220 1073
1232 1214 1078
1191 1109 1100
944 789 783
682 631 653
899 836 832
927 938 949
962 1046 953
1466 1272 1374
1792 1785 1737
1673 1578 1755
1381 1257 1302
1235 1183 1136
1043 1200 1186
1373 1321 1213
1547 1381 1555
1549 1727 1662
1378 1517 1503
1343 1312 1454
1088 1146 1104
1164 1222 1317
1330 1247 1400
1475 1408 1241
1002 1051 1053
1199 1091 1208
1257 1340 1391
1238 1233 1356
912 977 920
919 1116 955
1011 1071 991
1158 1092 1076
1039 988 1086
1361 1278 1255
1314 1365 1369
1454 1476 1626
1323 1186 1337
1383 1191 1236
1114 961 1039
1308 1307 1432
1569 1507 1566
1917 2029 1886
1942 1876 1955
1742 1816 1750
1242 1402 1439
1401 1166 1213
1121 1152 1137
945 969 915
897 1024 900
1284 1418 1286
1558 1591 1591
1376 1360 1268
1153 1305 1188
1007 1011 1116
974 1185 989
1088 1110 1180
1298 1368 1473
1425 1355 1509
1326 1174 1198
1271 1381 1220
1563 1587 1402
1806 1888 1763
1810 1791 1879
1511 1566 1537
1192 1282 1233
1539 1405 1488
1568 1609 1598
1407 1548 1379
1066 874 962
1053 1122 1140
1205 1105 1132
1219 1156 1321
1250 1356 1321
1609 1516 1650
1548 1603 1445
1509 1657 1495
1548 1475 1513
1281 1470 1391
1299 1340 1217
1591 1620 1495
1724 1609 1731
1385 1233 1403
1000 1125 1149
1178 1277 1127
1269 1262 1281
1360 1536 1304
1090 1215 1257
1242 1210 1293
1102 1198 1245
1357 1325 1454
1588 1483 1524
1629 1696 1635
1262 1247 1304
1063 1097 1142
1060 919 973
1106 1082 1087
1074 1266 1182
1446 1537 1563
1562 1544 1670
1540 1509 1445
1597 1572 1367
1327 1311 1230
1543 1449 1420
1356 1407 1397
1441 1466 1468
1373 1378 1314
1696 1663 1508
1741 1781 1587
1756 1752 1642
1894 1761 1772
1456 1539 1527
1427 1314 1316
1315 1203 1406
1360 1419 1447
1204 1303 1099
1307 1126 1186
1149 1150 1214
882 1047 887
850 836 869
1073 1015 1026
1076 1007 1131
757 676 668
784 750 760
1031 896 957
1310 1504 1273
1309 1343 1280
1424 1570 1398
1133 947 1161
1160 1083 1091
1353 1236 1288
1508 1561 1421
1483 1352 1470
1083 1215 1253
1131 1116 1200
990 1196 1036
1471 1375 1540
1555 1552 1568
1547 1547 1460
1264 1307 1288
1241 1365 1380
1239 1361 1422
1570 1390 1612
1502 1686 1635
1614 1571 1566
1431 1526 1313
1081 1170 937
1123 1052 1032
1207 1136 1110
1300 1411 1228
1148 1250 1236
1035 1182 1238
913 1020 1062
830 798 723
900 944 1013
1145 1030 1230
1151 1363 1172
1079 928 998
1009 1136 971
1267 1254 1151
1409 1591 1474
1402 1468 1481
1413 1372 1423
1241 1262 1402
1363 1517 1457
1598 1602 1485
1604 1599 1450
1287 1297 1486
1184 1129 1203
1277 1285 1281
1312 1443 1502
1246 1054 1276
840 829 849
904 776 779
897 833 885
988 958 973
1175 976 1123
1197 1284 1197
1028 1019 1232
1442 1566 1352
1847 1829 1814
1697 1779 1769
1462 1517 1376
1104 1018 1084
856 877 829
636 863 638
977 1007 975
1349 1227 1223
1163 1270 1209
1139 1041 1086
1148 939 1076
1012 1213 1168
911 842 936
915 844 925
805 963 929
889 928 867
1166 951 966
1301 1481 1411
1680 1668 1722
1460 1484 1332
1289 1233 1322
1220 1242 1341
1291 1189 1305
1060 1049 1131
977 1154 1024
1338 1097 1219
997 965 949
1047 1006 973
999 1165 1177
1314 1440 1353
1057 1048 1171
1129 1072 1110
1183 1026 1181
1113 1233 1333
1040 1064 1145
901 829 843
1038 1085 1058
1017 1048 913
783 814 827
594 605 692
1238 1357 1128
1498 1475 1427
1420 1533 1393
1233 1153 1311
1397 1506 1307
1125 1375 1305
1031 1097 1022
680 681 829
919 918 854
1265 1276 1389
1364 1311 1331
1209 1104 1115
1303 1465 1481
1659 1654 1654
1626 1652 1517
1208 1332 1290
1306 1388 1295
945 1067 1040
1009 1116 1019
1257 1222 1137
1497 1524 1477
1666 1685 1560
1536 1590 1555
1613 1532 1557
1473 1495 1438
1412 1387 1512
1002 1088 1186
949 964 940
896 741 930
992 917 942
1057 1222 1165
1560 1529 1604
1760 1660 1737
1216 1305 1330
786 805 791
816 775 881
1505 1333 1542
1613 1538 1549
1235 1259 1387
1131 985 1071
1242 1384 1376
1540 1392 1522
1725 1612 1749
1701 1607 1682
1779 1771 1650
1905 1845 1765
1692 1658 1665
1135 1134 1284
930 862 931
1352 1349 1229
1332 1378 1381
918 992 1001
746 747 716
899 1075 1010
1221 1419 1268
1161 1260 1354
1264 1284 1370
1273 1249 1341
891 952 1053
551 575 552
573 548 558
909 944 859
891 1081 971
1084 911 904
877 923 1049
1310 1314 1399
1331 1412 1423
1323 1376 1338
1014 858 1031
1032 1059 962
1191 1180 1052
1206 1306 1156
1440 1527 1461
1732 1681 1695
1642 1749 1714
1163 1232 1288
1238 1381 1178
1547 1467 1460
1633 1716 1639
1361 1324 1338
1349 1472 1414
1336 1347 1349
1527 1474 1381
964 845 1059
712 709 691
637 736 723
1207 1059 1225
1328 1263 1250
1020 1105 1154
761 721 821
642 702 633
499 505 622
586 547 593
665 627 573
668 673 642
922 964 952
1179 1083 1131
1254 1274 1141
1119 1290 1126
1705 1481 1680
1948 1965 1895
1812 1734 1802
1532 1687 1494
1465 1471 1523
1547 1432 1338
1128 960 937
1173 1076 1090
1506 1462 1502
1743 1841 1891
1564 1480 1566
1458 1450 1339
1357 1310 1449
1313 1426 1466
1271 1469 1404
1176 1274 1262
1249 1250 1256
1189 1200 1267
1399 1387 1249
1306 1471 1297
1376 1289 1337
1391 1366 1375
1585 1478 1465
1611 1656 1529
1329 1293 1298
1038 1253 1013
975 1019 1197
1285 1262 1371
1551 1643 1545
1512 1468 1390
1354 1310 1263
1261 1195 1260
1283 1428 1374
1379 1325 1216
1251 1251 1197
997 963 933
946 876 886
1099 1075 933
1232 1189 1317
1268 1114 1326
1279 1179 1073
1326 1172 1186
1295 1439 1365
1271 1259 1307
1239 1130 1175
1072 969 1056
956 959 1054
865 759 814
931 979 914
948 929 952
695 675 768
677 629 617
999 1231 1029
1460 1522 1531
1890 1741 1854
1744 1752 1712
1765 1678 1593
1411 1529 1364
1132 1211 1163
1019 1050 977
963 1150 1098
1484 1401 1496
1596 1563 1560
1578 1699 1571
1627 1615 1493
1532 1620 1659
1463 1490 1390
1310 1096 1221
1225 1386 1323
1342 1354 1212
1505 1469 1614
1583 1597 1523
1902 1774 1895
1724 1705 1526
1380 1477 1475
1325 1278 1270
1307 1090 1174
1131 1297 1232
1345 1154 1253
1537 1464 1446
1586 1720 1739
1422 1486 1381
1174 1148 1108
1254 1095 1076
1345 1355 1147
964 986 1002
954 842 850
916 947 799
1003 934 996
1046 944 949
1184 1248 1146
1122 1148 1184
1189 1136 1369
1621 1399 1592
1757 1698 1708
1506 1413 1396
1134 1238 1106
1183 1175 1171
1133 1066 1166
898 855 950
1183 1076 1055
1375 1273 1422
1468 1240 1341
1376 1403 1261
1429 1477 1476
1830 1690 1594
1436 1497 1466
1273 1336 1444
1221 1407 1388
1827 1895 1917
1748 1731 1754
1402 1252 1277
901 720 681
677 728 641
755 750 835
1267 1112 1350
1650 1517 1654
1554 1581 1700
1516 1680 1539
1517 1447 1597
1308 1447 1392
977 964 1060
1049 1016 966
1074 1207 1173
1306 1282 1226
1282 1235 1331
1424 1506 1499
1616 1687 1608
1511 1486 1484
1347 1421 1237
1386 1528 1507
1843 1841 1678
1901 1917 1790
1686 1754 1824
1494 1381 1447
1125 1128 1075
1121 1018 1044
1267 1417 1373
1270 1443 1486
1263 1187 1088
1108 1316 1215
1535 1351 1496
1486 1268 1498
1221 1144 1305
1028 1179 1124
1348 1512 1359
1660 1626 1669
1668 1780 1705
1652 1501 1608
1449 1635 1616
1477 1602 1617
1585 1520 1373
1370 1233 1386
1064 1208 1164
1202 1059 1061
1275 1191 1071
1422 1267 1434
1487 1508 1542
1513 1385 1508
1151 1291 1192
1020 1067 1257
1075 979 1177
1044 1152 1024
861 1059 936
1232 1018 1006
1416 1466 1398
1704 1750 1662
1846 1756 1763
1442 1483 1400
1357 1435 1421
1476 1579 1486
1835 1765 1783
1737 1743 1781
1221 1307 1373
1098 1095 1128
1163 1060 1141
1383 1550 1489
1378 1475 1468
1408 1533 1395
1429 1578 1488
1385 1514 1410
1326 1255 1270
1043 1161 1181
969 926 1070
916 986 908
998 949 1049
1112 1286 1038
1163 1115 1294
1363 1362 1217
1513 1435 1277
1314 1200 1241
1317 1170 1220
1355 1235 1398
1610 1544 1587
1461 1385 1370
1224 1137 1067
826 869 923
937 885 883
1183 1270 1113
1425 1458 1278
1325 1448 1368
1073 1149 1252
1185 1033 1096
1243 1168 1186
1365 1354 1180
1637 1631 1634
1662 1686 1717
1674 1787 1699
1255 1495 1494
1066 1141 1305
1140 1176 1283
1474 1553 1454
1566 1562 1562
1394 1353 1460
1081 1235 1249
1169 1386 1186
1188 1253 1009
1234 1163 1127
995 1018 1042
907 1062 944
1075 958 924
969 1089 923
1029 1034 1050
911 964 1106
1299 1166 1222
1359 1321 1223
1490 1331 1456
1418 1515 1519
1673 1690 1650
1450 1473 1486
1018 1220 1021
850 978 913
929 821 1000
1154 1127 1288
1609 1589 1544
1672 1696 1597
1601 1567 1779
1540 1492 1508
1829 1700 1728
1388 1481 1501
1280 1434 1289
1012 852 908
814 901 798
1133 1012 1058
1295 1334 1387
1545 1447 1582
1325 1184 1316
1123 1208 1209
1349 1269 1218
1471 1466 1469
1250 1360 1326
971 1122 942
973 1064 1070
1248 1207 1411
1323 1457 1312
1429 1457 1561
1518 1632 1562
1694 1685 1768
1771 1812 1648
1603 1669 1649
1249 1217 1157
889 888 997
831 897 813
1281 1182 1243
1345 1473 1425
1606 1396 1611
1730 1570 1547
1884 1981 1956
1774 1811 1823
1623 1491 1504
1112 1180 1248
1086 1196 1172
1283 1336 1196
1534 1448 1502
1658 1565 1479
1484 1455 1397
1750 1817 1589
1676 1608 1645
1406 1505 1625
1200 1336 1147
1431 1582 1468
1558 1489 1565
1452 1361 1225
1215 1093 1100
912 1103 1063
1265 1175 1202
1268 1469 1479
1576 1509 1606
1352 1381 1528
1212 1125 1210
1094 991 1074
939 915 905
1114 1258 1155
1447 1593 1604
1506 1614 1643
1448 1453 1476
1524 1505 1420
1817 1768 1760
1665 1590 1680
1524 1546 1557
1689 1634 1564
1553 1534 1511
1253 1167 1248
1038 949 978
949 1037 1109
1005 977 1184
926 904 1051
1088 1040 1112
1204 1071 1092
1213 1160 1217
996 989 943
967 890 997
1202 1307 1254
1446 1313 1387
1248 1244 1254
1025 852 847
800 813 989
867 1089 887
1080 931 866
789 843 714
493 608 478
701 707 714
1076 1199 1256
1747 1590 1777
1984 1897 1953
1871 1860 1757
1468 1510 1554
1303 1369 1329
1176 1195 1319
1094 1077 1303
1252 1124 1298
1383 1462 1483
1564 1595 1733
1601 1650 1653
1489 1585 1465
1418 1219 1228
1420 1232 1239
1413 1252 1335
1537 1465 1352
1565 1590 1618
1481 1457 1545
1231 1268 1296
1294 1220 1224
1541 1340 1452
1316 1341 1270
1267 1085 1171
1080 1137 1169
1321 1357 1219
1508 1459 1429
1590 1635 1522
1347 1537 1542
1388 1280 1293
1241 1235 1267
1189 1170 1289
1195 1377 1328
1426 1514 1493
1583 1749 1693
1495 1437 1475
1458 1296 1325
1143 1269 1195
1104 1124 1090
1126 1279 1172
1311 1282 1196
1337 1360 1554
1390 1165 1382
1337 1262 1294
1206 1142 1185
1296 1393 1181
1104 1218 1277
1204 1053 1065
811 655 881
628 593 594
690 801 696
1113 1054 1058
1099 1206 1172
1313 1136 1117
1217 1294 1219
908 950 1013
632 603 575
1106 1049 964
1516 1528 1576
1910 1720 1927
1557 1585 1448
1409 1346 1349
1223 1054 1235
1366 1297 1385
1159 1265 1257
1309 1357 1457
1401 1306 1373
1263 1294 1460
1238 1352 1318
1507 1581 1636
1690 1656 1672
1302 1257 1401
1093 1225 1186
1225 1222 1258
1268 1276 1396
1459 1524 1546
1494 1500 1512
1455 1494 1379
1032 1052 1140
1119 1122 1145
1001 1069 877
1168 1083 1164
1398 1251 1294
