0 1503873837 -1824604373
0 537675860 1504197066
0 -428556821 537996916
0 -1394754899 -428168867
0 1933979380 -1394369117
0 1317859 1571570
0 1349186 1603020
0 1447337 1733897
0 1448530 1734686
0 1448806 1735087
0 1445524 1733071
0 1445849 1734084
0 1445371 1734025
0 1446260 1734791
0 1445733 1734584
0 1445651 1734270
0 1444220 1732499
0 1441741 1730438
0 1438097 1727323
0 1438485 1727218
0 1437012 1725893
0 1437593 1726138
0 1437068 1725785
0 1437479 1726052
0 1438528 1726956
0 1437314 1726474
0 1435984 1725338
0 1437277 1726407
0 1371772 541757435
0 1373219 1081855284
0 1373448 1621952210
0 1375358 -2132917062
0 1376744 -1592819471
0 1377663 -2132915686
0 1378960 1621955905
0 1377796 1081858311
0 1377080 541761079
0 1442852 1730403
0 1443661 1731103
0 1445145 1731956
0 1444968 1731729
0 1444810 1731444
0 1443852 1730902
0 1442461 1729775
0 1441686 1728993
0 1440302 1727848
0 1439114 1726788
0 1438976 1726609
0 1438992 1726755
0 1440122 1727864
0 1442433 1729641
0 1443255 1730154
0 1444576 1731049
0 1445959 1731898
0 1447032 1732708
0 1446680 1732672
0 1443988 1730402
0 1442345 1729417
0 1442141 1729687
0 1439378 1727601
0 1437885 542083961
0 1437228 1082441343
0 1436168 1622797975
0 1436562 -2131811689
0 1437360 -1591453473
0 1437566 -2131810907
0 1437072 1622798263
0 1437031 1082440579
0 1438717 542084532
0 1439827 1727677
0 1440933 1728369
0 1443287 1730460
0 1443520 1731138
0 1443634 1731473
0 1444065 1731929
0 1444669 1732415
0 1444322 1732217
0 1441981 1729916
0 1442716 1730048
0 1444071 1731131
0 1442550 1730179
0 1441508 1728958
0 1442188 1729624
0 1442149 1729632
0 1440934 1728417
0 1439043 1726613
0 1440461 1728120
0 1438389 1726851
0 1435813 1725131
0 1436726 1725921
0 1437410 1726731
0 1435817 1725321
0 1434313 1723866
0 1433775 1723141
0 1432956 1722114
0 1431237 1720606
0 1430841 1719897
0 1432782 1721265
0 1432334 1721126
0 1433939 1722590
0 1437283 1725509
0 1438293 1726414
0 1438659 1727152
0 1439237 1727695
0 1437774 1726546
0 1435202 1724587
0 1434015 1724005
0 1435715 1725056
0 1435975 1724974
0 1435404 1724538
0 1437533 1726729
0 1437703 1726719
0 1436849 1726059
0 1436967 1725947
0 1437103 1726088
0 1435811 1724735
0 1434785 1723938
0 1436322 1725263
0 1437906 1726543
0 1437881 1726572
0 1438989 1727692
0 1440357 1729080
0 1342124 1598746
0 1211367 1435091
0 1147286 541662278
0 1082917 1081889470
0 1016357 1622114903
0 1016464 -2132560645
0 1083391 -1592202455
0 1149523 -2132428397
0 1213616 1622311726
0 1345456 1082184307
0 1445361 542025071
0 1444762 1733059
0 1444314 1732935
0 1445458 1733889
0 1444128 1732738
0 1442568 1731549
0 1441133 1730595
0 1440654 1729854
0 1437784 1727317
0 1435579 1725665
0 1434993 1725178
0 1434886 1724893
0 1433722 1723974
0 1435964 1725880
0 1437054 1726549
0 1438441 1727672
0 1438581 1727716
0 1440247 1728863
0 1439047 1727615
0 1438412 1726862
0 1436371 1725113
0 1435759 1725007
0 1433875 1723621
0 1433759 1723442
0 1433990 1723478
0 1435801 1724977
0 1436252 1725712
0 1436778 1726046
0 1436659 1726557
0 1437336 1727651
0 1437678 1728049
0 1437859 1727916
0 1437437 1727459
0 1437195 1727076
0 1436502 1726240
0 1436289 1725650
0 1436558 1726150
0 1436992 1726646
0 1439337 1728295
0 1440256 1729099
0 1441253 1730192
0 1441778 1730723
0 1441324 1730414
0 1440336 1729336
0 1439025 1728091
0 1436398 1725427
0 1435846 1724662
0 1434274 1723364
0 1434215 1723330
0 1434681 1723562
0 1435452 1724088
0 1436844 1725335
0 1436378 1724964
0 1436802 1725014
0 1439032 1726954
0 1440315 1728094
0 1441463 1729156
0 1441653 1729514
0 1442635 1730703
0 1442858 1730994
0 1440452 1728756
0 1440330 1728167
0 1440265 1728075
0 1438531 1726564
0 1438711 1726799
0 1439342 1727720
0 1440875 1729238
0 1439699 1728396
0 1440314 1729127
0 1441065 1729792
0 1439241 1728745
0 1439047 1728592
0 1440153 1729457
0 1440548 1729711
0 1440682 1729580
0 1441430 1730135
0 1442037 1730447
0 1440908 1729733
0 1440349 1729485
0 1440318 1729557
0 1437821 1727771
0 1438303 1728298
0 1438672 1728711
0 1439122 1729017
0 1439421 1729094
0 1440370 1730098
0 1440505 1729772
0 1438456 1728055
0 1338645 1595694
0 1207593 1431394
0 1043122 1234157
0 847403 1005372
0 620087 745100
0 425356 517964
0 263836 323682
0 134597 161674
0 38432 32735
0 38640 32932
0 38135 32558
0 36951 31016
0 36928 30837
0 34849 28807
0 35705 29285
0 35711 29499
0 34341 29054
0 32206 27332
0 31348 26911
0 30311 25933
0 30048 25919
0 28252 24387
0 29808 25275
0 28567 24043
0 28872 24184
0 30740 25466
0 31588 26427
0 31590 26797
0 30859 26480
0 30496 26190
0 30156 26131
0 29837 25918
0 130248 540253229
0 263437 1080513208
0 426646 1620803943
0 623906 -2133838971
0 856426 -1593479979
0 1053911 -2133345120
0 1216946 1621723193
0 1346674 1081790773
0 1443867 541825901
0 1440651 1728686
0 1437636 1726381
0 1436478 1725438
0 1437128 1725954
0 1436377 1725346
0 1436900 1726018
0 1437405 1726455
0 1438629 1727499
0 1438581 1727500
0 1439300 1727758
0 1440266 1728545
0 1441055 1729380
0 1441527 1730198
0 1441490 1730259
0 1442094 1730543
0 1442723 1730754
0 1441812 1729649
0 1438699 1726735
0 1435798 1724130
0 1433739 1722229
0 1430839 1719568
0 1429705 1718655
0 1432331 1720933
0 1434381 1723143
0 1435375 1724101
0 1438349 1726416
0 1441337 1728938
0 1441434 1728923
0 1441684 1729170
0 1442988 1730415
0 1443605 1731244
0 1442105 1730425
0 1442693 1730999
0 1442401 1731338
0 1443160 1732322
0 1442525 1731412
0 1442113 1731152
0 1439665 1728930
0 1440224 1729138
0 1439232 1728274
0 1438328 1727468
0 1437298 1726707
0 1438338 1727584
0 1435788 1725499
0 1435393 1725520
0 1434836 1724850
0 1436635 1725933
0 1435790 1725136
0 1437397 1726331
0 1437915 1726635
0 1439461 1727951
0 1438417 1727297
0 1440771 1729027
0 1441111 1728917
0 1443778 1731226
0 1444927 1732281
0 1446878 1734075
0 1446550 1733943
0 1448585 1735698
0 1446519 1734012
0 1444621 1732155
0 1441949 1729632
0 1440765 1728903
0 1438853 1727242
0 1437380 1726182
0 1438598 1727310
0 1439088 1727761
0 1437992 1727040
0 1439258 1728424
0 1440124 1729457
0 1438870 1728531
0 1438232 1727780
0 1439260 1728325
0 1441364 1729575
0 1442913 1730469
0 1445195 1732372
0 1446110 1733030
0 1445671 1732698
0 1447525 1734157
0 1446980 1733741
0 1446124 1733134
0 1444001 1731584
0 1443082 1730883
0 1440238 1728563
0 1438739 1727260
0 1439492 1728082
0 1440859 1728977
0 1439014 1727541
0 1441867 1730087
0 1443646 1731574
0 1444081 1731793
0 1444553 1732103
0 1446156 1733227
0 1445688 1732945
0 1444217 1731612
0 1443432 1730963
0 1443939 1731454
0 1441491 1729372
0 1441598 1729810
0 1441012 1729731
0 1440432 1729706
0 1439353 1729105
0 1439989 1729527
0 1441462 1730394
0 1442782 1731589
0 1441234 1730245
0 1442386 1731091
0 1440424 1729306
0 1440277 1728987
0 1439374 1728232
0 1440046 1728835
0 1439851 1728773
0 1439790 1728677
0 1441479 1729794
0 1442375 1730078
0 1443914 1730967
0 1444438 1731104
0 1444343 1730824
0 1443530 1729873
0 1444192 1730199
0 1444468 1730413
0 1445654 1731492
0 1447445 1732946
0 1447845 1733241
0 1446695 1732474
0 1447781 1733436
0 1446368 1732430
0 1443699 1730520
0 1443186 1730518
0 1440947 1728901
0 1438090 1726714
0 1436209 1725116
0 1436478 1725631
0 1433884 1723315
0 1430920 1720769
0 1431258 1721099
0 1431050 1720648
0 1431206 1720493
0 1432087 1721234
0 1435365 1724112
0 1434404 1723573
0 1436054 1724795
0 1438484 1726562
0 1439687 1727388
0 1440018 1727636
0 1440346 1728235
0 1439523 1727803
0 1439479 1728336
0 1440216 1729170
0 1441462 1730178
0 1441641 1730366
0 1441273 1730246
0 1443216 1731847
0 1442345 1731224
0 1444263 1732840
0 1444928 1733610
0 1445177 1733491
0 1444396 1732456
0 1443274 1731500
0 1442836 1730652
0 1441952 1729343
0 1440337 1727761
0 1439543 1727075
0 1438309 1726426
0 1436505 1725319
0 1435051 1724862
0 1435054 1725530
0 1435651 1725925
0 1434273 1724684
0 1433658 1724069
0 1434253 1724133
0 1434872 1724316
0 1436472 1725434
0 1437799 1726756
0 1440162 1728791
0 1440505 1729168
0 1441994 1730463
0 1443394 1731373
0 1444449 1732607
0 1444457 1732714
0 1443606 1731844
0 1443453 1731753
0 1443584 1732097
0 1342885 1599034
0 1210407 1434106
0 1045626 1237039
0 846272 1005532
0 616205 742520
0 419791 513083
0 256112 316996
0 124438 152562
0 29130 23954
0 33000 27395
0 34819 29042
0 36733 30661
0 37957 31599
0 36462 30164
0 34285 28333
0 33061 26876
0 31890 26082
0 28344 23344
0 27361 22418
0 28565 23453
0 28012 23138
0 28069 23170
0 28814 24027
0 27791 23524
0 26139 22158
0 25982 22060
0 28229 24011
0 30054 25055
0 30126 25008
0 32974 27535
0 35508 29542
0 34449 28748
0 34848 29143
0 35142 29532
0 33230 27811
0 30284 25261
0 29900 25187
0 30527 25404
0 30370 25431
0 28640 24225
0 30469 25947
0 30827 26595
0 30678 26650
0 30323 26275
0 30554 26427
0 30016 25765
0 28492 24531
0 26037 22449
0 26262 22358
0 27797 23298
0 26492 21941
0 28140 23334
0 30143 24782
0 33362 27470
0 32651 27198
0 33564 28241
0 32935 27694
0 32654 28006
0 30884 26563
0 29863 25627
0 29673 25208
0 32674 27676
0 32839 27476
0 34458 53413
0 134463 824404839
0 267576 1648789484
0 428237 -1821764844
0 623584 -997317466
0 853255 -172885331
0 1048526 -996876698
0 1211365 -1820900358
0 1343330 1650012131
0 1442560 825924460
0 1444144 1731267
0 1444381 1731682
0 1444219 1731663
0 1442869 1731020
0 1439854 1728733
0 1438097 1727520
0 1436181 1725991
0 1437394 1726896
0 1437909 1727445
0 1437097 1726827
0 1437259 1726917
0 1438723 1728265
0 1439736 1728875
0 1439475 1728670
0 1438780 1727972
0 1438942 1728028
0 1439372 1728425
0 1438885 1728127
0 1442392 1730887
0 1444149 1732063
0 1445370 1732540
0 1446908 1733626
0 1447820 1734303
0 1447154 1733769
0 1446488 1733020
0 1445850 1732615
0 1443015 1730475
0 1439008 1727306
0 1438084 1726895
0 1436931 1726306
0 1434896 1725131
0 1435217 1725547
0 1437365 1727617
0 1437866 1728496
0 1435384 1726525
0 1434764 1725805
0 1434912 1725604
0 1433287 1724029
0 1430482 1721465
0 1429498 1720491
0 1429759 1720648
0 1431482 1722031
0 1432052 1722289
0 1435100 1725081
0 1436029 1725766
0 1436925 1726335
0 1436997 1726090
0 1437210 1726134
0 1438789 1727021
0 1440961 1728634
0 1440302 1728406
0 1441337 1729321
0 1443636 1731124
0 1445006 1732409
0 1445412 1732866
0 1444116 1731855
0 1446067 1733313
0 1443887 1731419
0 1443166 1730928
0 1441005 1729039
0 1439853 1728245
0 1437045 1726054
0 1435932 1725094
0 1433737 1723451
0 1433536 1723484
0 1431517 1721871
0 1431173 1722019
0 1428692 1720050
0 1428504 1719772
0 1427094 1718502
0 1424991 1716659
0 1425068 1716584
0 1425533 1716528
0 1427118 1717564
0 1429999 1720031
0 1434557 1723380
0 1438744 1726742
0 1441454 1728932
0 1445021 1731852
0 1447625 1733804
0 1446513 1732756
0 1444741 1731327
0 1445119 1731484
0 1444702 1730864
0 1442973 1729574
0 1441744 1728562
0 1443594 1730633
0 1443582 1731069
0 1443978 1731874
0 1444755 1732936
0 1445030 1733490
0 1443635 1732683
0 1441722 1730952
0 1441241 1730283
0 1441568 1730433
0 1440760 1729368
0 1441107 1729087
0 1442044 1729488
0 1442053 1729250
0 1442488 1729323
0 1442132 1729265
0 1441822 1729557
0 1441599 1729674
0 1441588 1729827
0 1440975 1729377
0 1441147 1729502
0 1441240 1729575
0 1441305 1729207
0 1441642 1729370
0 1441022 1728528
0 1439245 1726954
0 1437645 1725360
0 1435956 1724226
0 1436340 1724666
0 1435086 1723299
0 1434553 1722705
0 1435904 1723952
0 1436598 1724640
0 1436637 1724739
0 1438518 1726399
0 1437666 1726327
0 1436707 1725485
0 1435145 1723998
0 1434426 1723713
0 1433482 1723162
0 1430139 1720440
0 1428905 1719416
0 1431318 1721513
0 1430981 1721388
0 1434636 1724168
0 1437904 1726726
0 1441063 1729072
0 1443487 1730787
0 1444087 1731049
0 1445009 1731804
0 1444301 1731592
0 1442431 1730212
0 1441939 1729771
0 1441372 1729337
0 1442873 1730697
0 1444303 1731803
0 1444227 1731745
0 1445142 1732418
0 1445782 1732692
0 1444058 1731322
0 1443803 1730947
0 1443997 1731373
0 1445011 1732003
0 1445055 1731965
0 1445536 1732427
0 1446098 1732674
0 1445741 1732288
0 1443583 1730818
0 1443268 1730154
0 1442313 1729534
0 1442666 1729849
0 1441005 1728730
0 1440909 1728573
0 1441909 1729269
0 1440967 1728414
0 1438626 1726209
0 1437938 1725239
0 1435913 1723630
0 1433269 1721337
0 1431470 1719903
0 1433161 1721511
0 1432722 1721720
0 1433206 1722628
0 1436404 1725288
0 1438913 1727358
0 1439108 1727563
0 1441505 1729272
0 1442242 1729967
0 1440699 1728898
0 1438561 1727105
0 1439100 1727386
0 1437762 1726140
0 1435596 1724128
0 1437231 1725344
0 1438934 1726517
0 1440773 1727878
0 1441186 1728505
0 1443323 1730529
0 1445229 1732485
0 1446761 1734128
0 1445970 1733806
0 1445806 1733698
0 1443449 1731450
0 1441527 1729786
0 1437766 1726472
0 1437654 1725962
0 1437033 1725616
0 1436540 1725335
0 1437305 1726413
0 1440730 1729564
0 1442315 1731458
0 1442477 1731715
0 1443537 1732479
0 1442091 1731029
0 1439756 1728992
0 1439027 1728093
0 1439936 1728866
0 1440199 1728825
0 1440706 1729043
0 1442237 1730310
0 1445104 1732428
0 1446052 1732903
0 1447195 1734024
0 1448885 1735297
0 1448302 1734584
0 1446439 1733073
0 1445880 1732647
0 1445789 1732843
0 1443276 1730684
0 1441142 1729358
0 1440500 1729367
0 1440392 1729372
0 1439280 1728418
0 1440260 1729233
0 1441325 1729771
0 1441571 1729908
0 1441710 1730043
0 1443172 1731666
0 1444724 1733109
0 1446131 1734390
0 1446509 1734363
0 1447342 1734822
0 1447015 1734607
0 1445629 1733361
0 1443345 1730895
0 1441325 1729170
0 1440973 1728676
0 1440415 1727887
0 1439863 1727304
0 1439809 1728027
0 1440177 1728737
0 1439525 1728386
0 1439285 1728642
0 1437447 1727418
0 1437198 1726876
0 1437467 1726782
0 1437937 1726821
0 1440247 1728204
0 1441450 1728933
0 1443543 1730407
0 1445780 1732302
0 1446964 1733543
0 1448636 1735351
0 1447243 1734471
0 1445810 1733480
0 1445209 1733139
0 1444145 1732508
0 1443674 1731970
0 1443349 1731846
0 1443456 1732150
0 1442713 1731571
0 1442294 1731213
0 1443467 1732273
0 1441466 1730458
0 1439755 1728944
0 1437886 1727163
0 1436720 1726418
0 1435655 1725295
0 1435296 1724691
0 1436593 1725515
0 1436334 1724876
0 1437679 1725542
0 1439627 1726852
0 1440577 1727310
0 1440135 1726980
0 1440149 1727012
0 1438903 1726340
0 1437786 1725662
0 1437351 1725207
0 1437574 1725590
0 1437047 1725373
0 1436622 1725243
0 1436396 1725244
0 1437626 1726170
0 1438157 1726376
0 1440871 1728330
0 1442096 1729337
0 1443322 1730802
0 1444344 1732301
0 1444295 1732800
0 1445346 1734034
0 1446124 1735003
0 1444674 1734169
0 1444920 1734251
0 1443095 1732451
0 1442963 1731912
0 1441040 1730006
0 1440422 1729255
0 1439760 1728336
0 1437328 1726108
0 1435614 1724387
0 1434903 1723645
0 1433679 1722763
0 1433224 1722475
0 1433850 1723195
0 1434276 1723645
0 1435889 1724867
0 1438156 1726519
0 1440939 1728872
0 1441528 1729456
0 1441969 1730090
0 1441574 1729953
0 1440642 1729621
0 1439191 1728644
0 1440326 1729252
0 1439645 1728741
0 1440863 1729657
0 1442003 1730342
0 1445333 1733111
0 1445826 1733460
0 1446386 1733668
0 1444913 1732167
0 1441969 1729968
0 1440083 1728550
0 1439074 1727429
0 1437633 1726370
0 1437725 1726475
0 1436757 1725606
0 1438921 1727388
0 1439906 1728274
0 1440074 1728483
0 1440635 1729050
0 1439391 1728472
0 1439682 1728746
0 1438776 1728275
0 1440317 1729587
0 1442221 1731395
0 1442851 1731704
0 1444886 1733251
0 1446967 1734830
0 1446076 1734018
0 1445398 1732970
0 1442870 1730960
0 1442070 1729998
0 1439950 1728460
0 1439033 1727403
0 1440341 1728508
0 1443060 1730729
0 1443801 1731232
0 1447079 1733777
0 1447412 1734435
0 1447201 1734224
0 1445683 1733036
0 1444653 1732057
0 1444006 1731427
0 1442847 1729931
0 1443641 1730306
0 1444937 1731454
0 1445097 1731375
0 1445824 1732113
0 1447401 1733911
0 1445391 1732387
0 1444172 1731484
0 1443850 1731226
0 1442057 1729777
0 1440505 1728430
0 1440943 1728708
0 1440698 1729252
0 1440886 1729693
0 1439819 1729163
0 1439620 1729138
0 1439600 1728967
0 1439332 1728590
0 1440982 1729982
0 1439741 1729079
0 1439980 1729358
0 1442245 1731078
0 1444454 1732801
0 1445341 1733230
0 1447484 1734534
0 1351483 1605134
0 1218683 1439877
0 1053202 1241916
0 856734 1012879
0 625621 750003
0 426940 519461
0 260103 320820
0 128871 157126
0 29346 25351
0 27689 23921
0 27998 23959
0 28447 24100
0 29470 24704
0 29910 24809
0 29205 24004
0 29944 24818
0 29633 24477
0 28632 23470
0 27660 22546
0 26343 21449
0 23970 19640
0 22910 18873
0 23666 19788
0 25998 21892
0 29720 24489
0 32944 27412
0 35835 29831
0 39173 32766
0 40202 34059
0 40369 34462
0 39436 33769
0 38150 32985
0 37557 32615
0 37319 32478
0 37603 32532
0 37968 32509
0 37966 31939
0 37849 30835
0 38303 30482
0 38183 30128
0 37346 29389
0 36197 28666
0 36320 29286
0 37083 30139
0 35774 29209
0 35351 28766
0 35202 28524
0 34068 27481
0 33758 27006
0 35464 28695
0 35605 29012
0 36056 29547
0 36237 30119
0 36765 30790
0 36845 30791
0 37576 31775
0 38042 32449
0 36890 31704
0 37528 32008
0 37669 32025
0 36582 30763
0 36625 30243
0 35699 29763
0 34721 29083
0 33791 28334
0 33101 27716
0 33881 28062
0 34286 28334
0 33232 27407
0 33421 27768
0 30195 25378
0 28284 23568
0 26954 22161
0 25875 21351
0 24751 20293
0 25783 21288
0 25951 21467
0 26119 21736
0 25261 20598
0 28845 23578
0 30086 24749
0 30768 25033
0 32108 26001
0 34799 28420
0 34555 28223
0 36490 29714
0 36782 30254
0 37986 31518
0 36139 30494
0 35338 30102
0 35156 30490
0 37549 32552
0 37773 32918
0 37602 32764
0 37866 32934
0 38443 33289
0 36676 31913
0 37766 32538
0 37672 32255
0 36852 31614
0 35450 30511
0 35628 30147
0 34245 28887
0 33320 27907
0 1932827093 -1395748734
0 -1395644305 -429220419
0 -429215386 537208465
0 537313569 1503769942
