-904 -702 -483
-918 -750 -519
-369 -529 -1184
-928 -462 -583
-831 -603 -327
-1162 -1156 -870
-315 -237 -1706
-1945 -907 -438
-3 -1459 -407
-743 -256 -1562
-450 -1083 33
-1338 -102 -818
-390 -1041 -1044
-455 -927 -1007
-855 -980 -258
-1154 -120 -1126
-237 -1312 -548
-440 -429 -1262
-913 -818 -254
-571 -663 -132
-44 101 -1681
-1042 -1216 298
-467 -19 -415
-975 -922 -1062
63 -1007 -288
-781 -562 -1202
-1127 -173 -268
-467 -100 -702
23 -1531 -370
-775 -83 -296
-441 -598 -1049
-900 -694 -498
-1082 -291 -1151
-552 -909 -785
-509 -865 -531
-474 -961 -768
-1062 -230 -328
-584 -682 -1154
-1436 -412 -272
117 -1208 -878
-916 -182 -1274
-923 -1232 -350
-671 -1195 -349
-1488 91 -976
-165 -774 -704
23 -994 -806
-2069 50 -3
125 -1110 -810
-14 -1229 -653
-1511 201 -503
-784 -79 -1073
-418 -1963 152
-1313 -250 -803
0 -906 -1175
-1185 -702 -766
-1241 -972 -50
-484 -789 -1175
-924 -572 -717
-278 -932 -705
-1011 -628 -203
-402 -152 -812
-878 -414 -488
-873 -1054 -161
199 -578 -1242
-944 -183 -726
-855 -1090 211
-555 -184 -739
-323 -777 -1071
-1472 -155 -242
10 -1053 -587
-470 -714 -823
-1155 -340 -454
-848 -810 -645
-83 -1752 -714
-1115 163 -912
-599 -759 -1100
-1019 -925 109
-936 -665 -570
168 -609 -1504
-572 -849 -687
-2151 -400 305
795 -1180 -1364
-1111 -609 -862
-1167 -342 -507
-1059 -604 -109
161 -1022 -972
-765 -920 -336
-375 -490 -938
-1108 -178 -749
120 -1101 -203
-1034 -501 -391
-947 -329 -366
386 -1085 -659
-968 -358 -802
-298 -809 -370
-919 -193 -333
-487 -341 -328
153 -747 -821
-754 -90 -169
-731 -1560 307
-842 365 -1150
-780 -396 -1105
146 -1763 -429
-961 -352 -376
-1318 -460 -497
140 -223 -1190
-1153 -867 440
236 -481 -1280
-861 -237 -268
17 -770 -898
-1456 -652 323
-521 -782 -1178
-405 9 -1381
-639 -773 -366
-636 -975 31
-94 -908 -313
-1309 608 -855
-206 -563 -1073
-407 -1439 7
-733 -542 -597
-427 -492 -1090
-770 -629 -428
-1049 -381 -600
-127 -898 -647
-592 -735 -483
-329 -643 -1378
-1165 -1022 315
-417 -469 -1300
-660 -242 -1091
-666 -1017 -457
-361 -716 -600
-1237 -472 -616
-445 -915 -725
-431 -432 -1629
-625 -1083 -392
-911 -803 -399
-1066 -724 -692
-458 115 -1424
-516 -1353 -175
-197 -902 -957
-469 -109 -948
-1207 -510 -203
-677 -619 -81
243 -842 -1239
-390 30 -686
-907 -932 60
63 -542 -910
-1380 -361 -417
-182 -608 -930
-1309 -561 -634
-52 -847 -987
-573 -1094 -349
-494 -343 -479
-1034 88 -768
-398 -1159 355
-17 -556 -1337
-814 243 -850
-698 -1200 137
-645 -644 -239
329 -1019 -1155
-922 122 -834
-754 -736 -479
-645 -1324 330
-288 237 -1593
-207 -763 -842
-870 -750 -141
-758 -930 -164
-390 -53 -1321
-286 -638 -588
-876 -144 -666
-261 -960 -528
-859 -29 -892
-1019 -772 -440
-69 -1304 -615
-688 -725 -1371
-1084 -275 -341
-818 -314 -718
-352 -720 -346
-91 -873 -492
-163 -486 -1058
-1237 -687 221
-529 128 -799
-18 -1733 -339
-1519 389 -439
15 -1368 -499
-406 -559 -997
-644 -185 -453
-1091 -776 -333
-139 -1314 -233
-800 -268 -1102
-827 -872 -753
-1056 -506 -565
-433 -1071 -855
-130 -448 -922
-1332 -443 -65
-410 -989 -256
-511 -469 -631
-573 -355 -1307
-697 -951 -533
-397 -758 -618
-1408 -6 -773
180 -1815 -23
-1567 540 -1009
164 -795 -965
-100 -1427 -420
-1245 173 -944
-594 -569 -487
-1167 -582 -600
139 -1337 -747
-960 -239 -1149
-372 -967 -410
-804 -593 -543
-547 144 -1265
-337 -1300 146
-448 -913 -524
-699 -39 -1154
-542 -532 -392
-278 -1383 -785
-622 -590 -667
-758 -468 -672
-870 -2 -1113
-662 -1170 392
327 -506 -1515
-1114 -369 192
-552 -378 -509
2 -646 -1306
-1428 -931 263
36 -728 -1741
-1326 -170 -711
-727 -1465 132
-447 -841 -833
-294 47 -1689
-1315 -1040 78
-360 -452 -894
-649 -1272 -276
-358 -241 -1034
-962 -658 -945
-154 -662 -492
-1611 -100 -550
299 -1268 -696
-586 -751 103
-1082 704 -1241
444 -1106 -671
-720 -504 -425
-1302 -543 -333
-226 -352 -749
-302 -1204 -650
-600 -75 -707
-891 -185 -660
-166 -1343 -528
-1015 79 -707
-506 -505 -661
-361 -631 -372
-316 -574 -1058
-686 -304 -609
-1031 -794 -539
-687 -752 -894
-822 -494 -1320
-1201 -580 -358
20 -1139 -931
-1000 -919 -778
-843 2 -805
-1259 -664 -294
440 -1045 -561
-986 69 -886
-183 -924 -253
-842 -160 -691
-489 -1334 33
-894 49 -1343
-824 -476 -921
-399 -1018 -358
-272 -926 -627
-814 -86 -504
-787 -833 -348
-513 -315 -1412
-987 -526 -856
-341 -1629 -315
-1054 -717 -341
-751 -101 -916
-407 -438 -835
-717 -730 -233
-147 -597 -532
-721 -302 -142
-270 -457 -481
-782 -534 -301
-959 164 -681
-76 -1387 -540
-1075 -210 -1287
-1112 -1043 -27
-372 -825 -883
-309 -573 -1017
-1721 -177 -15
17 -394 -1410
-231 -1901 -310
-1203 29 -875
-997 -496 -943
-224 -1237 -247
-532 -321 -1423
-897 -376 -114
-780 -1358 -184
179 -71 -1750
-1203 -384 -426
-26 -998 -411
-1103 -380 -739
-412 -975 -175
-276 -605 -804
-816 62 -600
-600 -647 -637
-47 -584 -550
-1001 -971 -190
21 -433 -1011
-1070 -393 -999
-1135 -470 -57
-755 -965 -726
-4 -307 -999
-651 -791 -1043
-1065 -346 91
-765 -1251 -1000
-966 17 -1314
-606 -1658 -653
-817 -532 -1180
-1798 -320 -105
725 -1356 -1020
-1050 -518 -500
-341 -570 -392
-630 -406 -577
-814 -498 -772
-639 -1074 -161
-187 -976 -1150
-761 -57 -602
-506 -1577 14
-553 413 -1276
-310 -955 -521
-1065 -560 -430
-637 -943 -315
-39 -1165 -920
-1140 -108 -620
-540 -801 -1165
-919 -607 -876
-841 -1480 -256
-828 -659 -908
-1039 -284 -817
11 -1382 -506
-1193 -866 -713
-929 435 -911
70 -1653 -688
-1133 79 -154
-202 -734 -1174
-605 -977 -115
-1114 35 -941
-448 -1574 -194
-661 -529 -1396
-926 -80 -747
-284 -1829 -597
-1387 -334 -266
-393 -613 -899
-803 -444 -1282
-624 -1111 -415
-254 -1324 -467
-1304 -273 -330
-370 -154 -1121
-394 -1511 -317
-415 220 -1288
-1178 -949 -316
130 -869 -535
-1147 -399 -836
-634 -834 -346
-181 -997 -1059
-979 -219 -1053
-734 -881 -586
-798 -169 -176
-139 -1192 -991
-121 -543 -494
-1156 -46 -823
-829 -750 -661
-791 -1246 -87
-678 -810 -902
-434 -331 -1223
-1110 -869 -579
-106 -775 -473
-1411 -887 -721
-687 -578 -160
-918 -955 -676
-525 -879 -927
-1009 -530 -846
-1076 -871 -815
-304 -1266 -642
-1757 -405 -609
-2 -519 -1119
-759 -1451 -107
-1129 -442 -333
-772 299 -1456
233 -1377 -465
-895 -926 -71
-883 385 -937
-346 -683 -226
-362 -545 -782
-680 -629 63
-330 -314 -836
-509 -190 -182
-229 -1472 -372
-914 441 -777
-714 -1209 -653
-819 396 -866
-626 -1866 -79
-395 -147 -585
-657 -970 -594
-974 33 -1363
16 -1193 -315
-1439 -468 -546
-64 -941 -354
-1066 374 -1387
-306 -1476 -51
-871 -850 -809
-280 -428 -1121
-645 -878 -853
-816 -387 -558
-1125 -452 -727
261 -1818 -526
-1570 -14 -819
-355 -1359 -586
-671 -352 -845
-880 -304 -972
-287 -973 80
-480 -1217 -517
-525 -28 -1042
-568 -766 -485
-875 -699 -189
-646 -495 -241
280 -397 -1436
-715 -329 -141
-324 -1599 -28
-1114 785 -1075
115 -1680 -289
-875 -15 -598
-101 -1021 -876
-1116 -269 -587
-819 -854 -615
-64 -907 -883
-930 -1213 -242
-1114 -219 -550
-361 -815 -1219
-267 -438 -1562
-1263 -1035 445
-378 -888 -909
-301 -299 -1133
-1440 -36 -430
-102 -1494 -398
-700 127 -539
-85 -406 -841
-809 -509 -418
-592 58 -365
-93 -1385 -552
-778 274 -1129
-1002 -1472 577
-523 133 -1648
-562 -1334 -824
-1204 -861 -305
-538 -199 -1150
-415 -1468 -270
-169 -551 -189
-1099 318 -854
-487 -750 -146
187 -1085 -650
-1507 -26 -620
-211 -572 -481
196 -1405 -616
-1635 574 -515
-99 -852 -499
107 -826 -414
-1344 -16 -389
-476 -180 -500
679 -1414 -951
-1750 -52 -466
-621 -1034 -148
-543 -397 -1767
-444 -804 -281
-1095 -502 -453
-236 -1002 -808
-503 -575 -262
-1435 517 -975
338 -1491 -370
-732 -421 -666
53 -480 -701
-1393 -611 -286
-352 31 -901
-826 -1096 -378
-144 -234 -853
5 -1141 -829
-1350 -102 -262
-542 -432 -416
-79 -875 -918
-571 -221 -114
-383 -370 -1239
-390 -496 -18
-699 -1091 262
-419 187 -1177
-539 -1304 -730
-733 26 -716
-619 -1992 91
-112 -147 -1390
-1398 -344 -248
-38 -503 -924
-623 -1073 189
-24 -79 -1191
-1053 -721 -70
-484 -681 -885
113 -850 -1005
-1619 -290 -112
-636 -1249 -861
-69 -514 -1121
-1196 -893 -434
-186 -565 -684
-962 -886 -351
-535 -263 -369
-262 -1015 -941
-908 -859 -379
-519 -532 -976
-1317 -856 -662
-284 -992 -566
-750 -440 -1295
-571 -979 -353
-1106 -427 -274
-309 88 -1067
-268 -1269 -179
-2 -466 -763
-1409 154 -754
-553 -948 -608
-141 -1099 -866
-1220 -371 -591
-315 -73 -836
-720 -521 -506
-368 -1095 -306
-529 -348 -1485
-1206 -369 -93
66 -1085 -1070
-1490 333 -628
-428 -1163 -931
-732 -818 -482
-1096 -1089 -737
-884 -323 -1178
-608 -747 -1110
-895 -840 -956
-1067 -704 168
-457 -865 -551
-171 -196 -1291
-858 -728 -415
-664 -534 -211
170 -818 -688
-770 -484 -431
-422 -80 -1128
-800 -1012 -280
-306 -670 -662
-270 -780 -860
-847 -476 -173
-143 -118 -596
-156 -734 -341
-225 -361 -541
-1350 183 -337
780 -1005 -1095
-1175 -663 -42
-354 -591 -447
-1025 -600 -974
-494 18 -750
-410 -1656 -96
-605 -95 -624
-268 -646 -780
-947 -551 -786
-794 -515 -340
-385 -1442 -961
-919 -561 -712
-923 -1128 -85
-662 39 -1214
-308 -1498 -770
-905 -322 -544
-560 -1331 -837
-932 -146 -372
-986 -974 -737
25 -89 -1219
-802 -1458 170
-181 62 -722
-1088 143 -580
-119 -1191 -148
-163 -423 -1233
-1062 -149 -213
-236 -852 -296
-176 240 -920
-649 -598 127
-149 -352 -165
-72 -246 -720
-509 -356 -438
-688 -145 -81
-401 -1339 -421
-318 -241 -878
-1478 239 -921
-182 -2032 -71
-1055 -373 -1237
-711 -1477 -531
-1100 144 -1210
-1311 -1149 -21
-260 -522 -994
-498 -832 -822
-525 -454 -377
-866 -881 -896
-1436 -359 -340
-556 -1239 -719
-274 -140 -1571
-639 -1350 -324
-792 -657 -516
-836 -235 -854
-656 -789 -791
-162 -669 -595
-1000 -1164 -180
-37 -551 -1112
-1254 47 -803
-526 -1349 -415
-829 -607 -357
-491 -1070 -847
-892 -383 -890
-360 -1293 -327
-735 509 -1462
-932 -1300 254
-350 -1067 -335
-952 -199 -1011
-544 -863 -1070
-339 -510 -601
-712 -1313 -433
-1403 -129 -220
-50 -709 -1074
-814 -625 -488
-644 -560 -357
-441 -644 -142
-436 -53 -1501
-991 -545 109
-875 -1192 142
-352 -129 -1497
-55 -945 -581
-1562 9 -560
-831 -751 -477
-57 -513 -669
-608 -790 -791
-869 -163 1
-108 -775 -645
-631 49 -763
-376 -420 -409
-575 -774 18
175 -792 -569
-1029 490 -919
-1123 -960 -587
-144 -1393 -335
-1356 -780 -948
-181 -1011 -971
-991 -298 -776
-852 -925 -362
8 -639 -707
-1385 -153 -480
-212 -1324 -388
-570 -1057 -802
-1130 -274 -801
-265 -958 -1320
-1405 -829 74
-696 -305 -1212
144 -1804 -462
-1427 154 -218
-482 -585 -1734
-755 -1082 378
-1085 -502 -1423
-633 -1447 -105
-432 -420 -1769
-1576 -451 -107
-575 -644 -694
148 -1417 -791
-1791 549 -364
-96 -1438 -698
-252 -749 -1041
-1554 -506 -82
-865 -573 -1103
-558 -573 -252
-248 -1240 -521
-596 13 -1194
-1163 -597 266
-86 -858 -268
-765 44 -1075
-536 -689 206
-269 -923 -661
-642 92 -938
-823 -376 -751
-1072 -807 -4
-233 -1162 -752
-989 -449 -1018
-427 -890 -815
-999 54 -785
-610 -633 -639
-539 -785 -305
-837 -463 -275
-208 -120 -1179
-1240 -831 -130
-105 -1189 -582
-865 79 -1126
-1634 -840 -202
414 -843 -1289
-1123 -760 -962
-659 -950 -78
-1135 -456 -952
-704 -716 -729
-1075 -936 -881
-249 -674 -411
-44 -811 -967
-826 343 -580
-837 -241 -282
-460 -1054 -324
-291 -864 -1057
-1106 -812 -474
-892 215 -1520
-330 -1673 -400
-933 19 -858
-609 -1068 -293
149 -524 -899
-1332 -303 -381
-136 -587 -1052
-492 -1152 -274
-1069 -600 -635
-767 -539 -898
-491 -1300 -495
-478 -454 -1247
-1524 -879 165
-315 -943 -1363
-643 -774 -1302
-1497 -799 20
-415 -1219 -773
-681 -233 -853
88 -1049 -711
-1078 -315 -634
-1385 -674 88
611 -954 -1475
-1695 378 -639
-203 -1124 -703
-324 -1208 -590
-561 -802 -353
-1098 -201 -828
-692 -94 -1062
-465 -1497 -607
-1135 -258 -986
177 -1714 -848
-1485 -338 -596
-1326 -651 -323
188 -496 -1819
-482 -1523 -49
-1680 173 -289
-117 -863 -679
-417 -192 -1409
-680 -1150 -15
-1204 -285 -732
-137 -1280 -704
-799 359 -1406
-943 -773 75
-106 -1485 -261
-377 132 -1039
-1504 48 -400
682 -1500 -783
-1148 -452 -444
-1194 -625 -875
-262 -1191 -554
-932 -799 -1095
-860 -664 -245
-1060 -513 -1038
-295 -1206 -985
-658 -770 -734
-1319 -639 -555
-268 -408 -628
-74 -1367 -856
-1017 -119 -602
-748 -1088 -524
-372 -656 -1028
-845 -739 -561
-872 -575 -856
197 -1076 -788
-1113 -262 -437
-398 -1100 -177
-346 58 -914
-397 -1332 -77
-665 601 -1501
-915 -1595 716
-640 -328 -1054
-376 -304 -1169
-980 -868 -316
-465 -501 -698
-1068 -959 -286
-861 -435 -601
-737 -657 -883
-99 -404 -982
-1231 -567 145
-258 -906 -359
-669 -256 -626
-282 -738 -1208
-832 -356 -511
-1314 -729 102
4 -1023 -754
-654 -685 -350
-591 -286 -1487
-714 -827 -310
-931 -1337 -721
-264 -447 -1232
-1215 -399 -771
-574 -1144 -291
-382 -864 -416
-618 -274 -1460
-485 -813 -958
-211 -1203 -304
-1226 -891 -284
-764 -7 -588
-287 -512 -1306
-43 -1105 -343
-803 -865 19
-1117 46 -430
357 -1198 -590
-778 70 -896
-348 -587 -441
-1343 -723 177
-22 -711 -648
-713 -215 -1492
-253 -1268 -252
-1431 -408 -554
-480 -781 -998
-496 -1240 -384
-748 102 -1075
-636 -146 -650
-178 -1311 -281
-831 -761 -33
-472 -441 -1288
-746 -365 -1637
-1125 -1108 430
-917 -833 -1378
129 -900 -907
-1552 -861 -462
-869 298 -725
102 -1553 -539
-953 219 -613
19 -827 -592
-1358 -413 -667
-398 -644 -436
-421 -1187 -805
-1308 -32 -407
1 -688 -1104
-676 -1032 -580
-850 -639 -267
-372 -23 -1226
-654 -682 -539
-393 -1493 224
-605 33 -1697
-647 -1173 -191
-911 -459 -1131
-788 -1401 -285
-471 -478 -1521
-1120 -741 -381
-245 -739 -1118
-688 -763 282
-761 -161 -1067
50 -915 -477
-1653 136 -873
-440 -1602 -135
-84 -870 -1542
-1600 -307 -652
-1297 -878 -815
361 -953 -1066
-1282 -898 -329
-882 -367 -362
-487 -216 -1128
-880 -1357 -273
-367 -700 -836
-1088 -1030 -527
-693 -6 -1345
-544 -1557 -764
-1200 -1028 490
-569 -366 -1631
-923 -226 -555
-891 -1499 -111
-132 -447 -1358
-65 -938 -471
-1795 -123 -339
520 -1007 -859
-1595 -138 -557
-144 -1059 -1060
-1033 -495 -252
-466 -675 -942
-262 -720 -491
-320 -646 -742
-664 -171 -904
-898 -759 -484
-943 -873 -613
-559 -893 -590
-617 -632 -1306
-686 -725 -822
-970 -1265 -579
-1093 -503 -466
-489 -667 -1222
-1021 -645 -856
-468 -693 -227
-167 -660 -1129
-1009 -22 -526
-424 -653 -169
-750 -609 -657
-427 -169 -505
-238 -704 -1066
-739 -512 -274
-532 -156 -892
-447 -1017 -209
-1113 158 -667
-307 -1158 -687
-932 -156 -426
357 -797 -1257
-1059 -975 757
-1239 620 -791
589 -1261 -704
-476 -278 -272
-641 -105 -511
-22 -597 -394
-1387 -224 -390
-370 -1415 -536
-724 -907 -924
-683 -523 -1588
-1023 -868 -355
-511 -270 -1137
-753 -700 -732
-745 -665 -184
9 -995 -954
-927 -194 -1233
-804 -970 -268
-851 -818 -884
-1218 -35 -936
-230 -1036 -729
-613 -685 -686
-990 -1002 -223
-404 -216 -1322
-1199 -637 -505
-803 -987 -518
-966 -274 -522
-618 -571 -984
-271 -1185 -426
-1222 94 -962
18 -1155 -496
-1352 -548 -99
-571 -242 -1049
-380 -1164 -628
-534 -615 -1093
-1767 -383 -55
178 -1048 -1087
-577 -604 -764
-499 -1121 -348
-921 -196 -760
-502 -941 -909
-1170 -284 -651
-594 -1168 -764
246 -1116 -744
-1332 -245 -605
-363 -889 -493
-874 -78 -480
-196 -693 -1653
-1292 -470 376
-272 -1373 -706
-627 -330 -900
-539 -878 -356
-506 152 -1470
-1629 -563 122
427 -415 -987
-668 -1271 92
-245 -110 -483
-730 267 -570
-260 -1056 -597
-1260 -98 -77
475 -1122 -976
-1019 -230 -750
-893 -551 240
-328 -546 -621
-90 -233 -1073
-1429 -615 -528
-413 -1553 38
-1103 -19 -1700
-603 -299 -708
-597 -1349 -391
-343 -553 -647
-1154 -191 -1051
-743 -450 -281
-14 -1041 -1395
-875 -868 -126
-690 -192 -1142
-961 -743 -669
-231 -768 -1196
-587 -1222 -380
-890 72 -838
-328 -786 -979
-703 -979 -406
-724 -412 -597
-781 -1085 -942
-186 -98 -1133
-1031 -1111 -127
-450 -650 -166
-659 122 -1473
-633 -735 -22
-562 -554 -1154
