0 68259 1986991491
0 1986991947 100391
0 101425 1987024548
0 1987025301 133601
0 68952 133793
0 101576 100879
0 101610 133740
0 101512 133764
0 101678 133858
0 101595 133716
0 101560 133866
0 101194 133569
0 101264 133668
0 101248 133695
0 101604 134023
0 101554 133937
0 101047 133450
0 100940 133329
0 100996 133479
0 100602 132989
0 100808 133091
0 100598 132981
0 100786 133063
0 100911 133386
0 100701 132990
0 100738 133214
0 100825 133153
0 100507 132869
0 100709 133167
0 100754 133113
0 100922 540229896
0 101080 133257
0 101056 540229930
0 101168 133477
0 101402 540230087
0 101369 133716
0 101028 133104
0 101039 133374
0 101277 133333
0 101402 133766
0 101630 133759
0 101256 133510
0 101087 133219
0 101307 133583
0 101243 133328
0 101010 133270
0 100794 133086
0 100664 133013
0 100974 133157
0 101160 133492
0 101064 133158
0 101193 133426
0 101358 133553
0 101515 133722
0 101643 133667
0 101518 133622
0 101406 133594
0 101150 133344
0 100962 133344
0 101012 133219
0 100847 133134
0 100745 133058
0 100602 540490611
0 100494 132913
0 100911 540490736
0 100968 133327
0 100670 540490427
0 100691 133079
0 100715 132985
0 100977 133333
0 101303 133419
0 101064 133485
0 101134 133358
0 101282 133743
0 101335 133599
0 101335 133695
0 101270 133403
0 101118 133627
0 101065 133201
0 101218 133550
0 101327 133500
0 101144 133494
0 101051 133123
0 101048 133449
0 101106 133205
0 101211 133593
0 100687 133012
0 100661 133207
0 100777 133175
0 100660 133087
0 100706 133149
0 100608 133080
0 100461 133044
0 100546 132962
0 100351 132763
0 100166 132585
0 100387 132689
0 100228 132681
0 100386 132652
0 100547 132918
0 100656 132910
0 100933 133320
0 100981 133342
0 100849 133239
0 100856 133122
0 100571 133006
0 100400 132750
0 100472 133115
0 100583 132752
0 100748 133330
0 100792 132938
0 100729 133249
0 100684 132972
0 100763 133333
0 100803 133010
0 100534 132950
0 100516 132841
0 100602 133025
0 100711 133074
0 100953 133418
0 100891 133256
0 100794 133176
0 100987 133367
0 101004 100768
0 68246 100635
0 68291 100840
0 68294 540392230
0 68304 100823
0 68415 540392315
0 68340 100777
0 101276 540392398
0 101221 133566
0 101183 133524
0 101333 133712
0 101387 133792
0 101333 133650
0 101300 133606
0 101031 133504
0 101047 133583
0 100942 133452
0 100747 133108
0 100595 133137
0 100520 132881
0 100360 132931
0 100515 133053
0 100480 132994
0 100722 133115
0 100787 133110
0 101033 133478
0 100921 133235
0 100911 133383
0 100719 133077
0 100828 133118
0 100560 132972
0 100433 132789
0 100346 132927
0 100493 132823
0 100534 133160
0 100749 133067
0 100633 133319
0 100608 133068
0 100644 133261
0 100727 133198
0 100786 133367
0 100795 133311
0 100589 133058
0 100609 133069
0 100711 133028
0 100689 133135
0 100694 133042
0 100708 133030
0 101061 133300
0 101177 133650
0 101133 133480
0 100959 133451
0 100902 133234
0 100977 133329
0 100868 133267
0 100293 132841
0 100392 132818
0 100458 132985
0 100660 132883
0 100756 133182
0 100485 132832
0 100637 133171
0 100823 133069
0 100768 133200
0 100967 133256
0 101060 133397
0 101160 133471
0 101211 133601
0 101109 133409
0 101081 133451
0 100927 133230
0 100929 133155
0 100934 133211
0 100739 133003
0 100932 133400
0 100929 133188
0 101032 133543
0 101054 133271
0 100933 133360
0 100855 133259
0 100827 133398
0 100874 133252
0 100956 133293
0 101055 133405
0 101124 133363
0 101092 133550
0 100956 133383
0 100946 133444
0 100937 133302
0 100840 133398
0 100539 133138
0 100787 133290
0 100817 133426
0 100867 133386
0 101017 133573
0 100849 133296
0 100863 133268
0 100904 133323
0 100482 100087
0 67728 100145
0 67845 67470
0 35289 67528
0 35398 35084
0 2668 34956
0 2831 2628
0 3063 2522
0 3167 2953
0 2978 2517
0 2798 2491
0 2743 2318
0 2943 2471
0 2723 2293
0 2808 2412
0 2710 2261
0 2580 2282
0 2482 2141
0 2315 2025
0 2129 1860
0 2460 2231
0 2200 1851
0 2244 1828
0 2276 2040
0 2304 1848
0 2616 2227
0 2605 2290
0 2341 2008
0 2340 2044
0 2314 1917
0 2365 2214
0 2499 2040
0 2563 35018
0 35568 540129801
0 35617 68014
0 68473 540162534
0 68724 100987
0 101602 540195771
0 101544 133799
0 101114 133270
0 100886 133243
0 100887 133148
0 100795 133195
0 100444 132836
0 100591 133070
0 100736 133020
0 100929 133295
0 100849 133121
0 100732 133189
0 100849 133163
0 101051 133386
0 101055 133338
0 101016 133321
0 101068 133457
0 101047 133448
0 101224 133601
0 101269 133488
0 100962 133244
0 100560 132878
0 100340 132620
0 100297 132686
0 100187 132519
0 100223 132471
0 100481 132739
0 100739 133023
0 100967 133218
0 101063 133242
0 101036 133407
0 101181 133295
0 101330 133503
0 101110 133391
0 101129 133473
0 101121 133477
0 101169 133584
0 101041 133569
0 101255 133502
0 101121 133592
0 100966 133375
0 100696 133116
0 100911 133283
0 100854 133280
0 100878 133309
0 100605 133023
0 100616 133105
0 100524 133055
0 100709 133129
0 100426 132910
0 100587 132983
0 100729 133233
0 100961 133207
0 100795 133113
0 101030 133174
0 100812 133228
0 101179 133225
0 101157 133589
0 101414 133368
0 101499 133828
0 101616 133773
0 101466 133749
0 101771 134004
0 101302 133548
0 101018 133459
0 100862 133132
0 100759 133294
0 100863 133101
0 100801 133321
0 100735 133108
0 100793 133461
0 100888 133256
0 100889 133506
0 100843 133188
0 100753 133287
0 100817 133278
0 100897 133232
0 101199 133601
0 101486 133641
0 101502 133830
0 101352 133537
0 101342 133624
0 101750 133941
0 101517 133825
0 101347 133534
0 100955 133412
0 100926 133081
0 100966 133469
0 100938 133088
0 100767 133257
0 101023 133192
0 100940 133436
0 101381 133519
0 101283 133771
0 101206 133464
0 101460 133821
0 101458 133555
0 101303 133690
0 101320 133603
0 100990 133337
0 101095 133472
0 101175 133479
0 101078 133481
0 100746 133208
0 100846 133384
0 100886 133428
0 101020 133360
0 101139 133596
0 101229 133598
0 100861 133380
0 101175 133363
0 100860 133372
0 100876 133126
0 100965 133458
0 100814 133152
0 100865 133336
0 101175 133410
0 101122 133405
0 101188 133523
0 101532 133682
0 101220 133515
0 101235 133324
0 101290 133457
0 101326 133415
0 101414 133588
0 101688 133717
0 101573 133753
0 101573 133654
0 101582 133657
0 101523 133671
0 101379 133588
0 101129 133271
0 101096 133394
0 100752 133124
0 100675 133068
0 100621 132970
0 100500 132939
0 100378 132705
0 100160 132663
0 100131 132443
0 100178 132773
0 100568 132725
0 100460 133041
0 100640 132745
0 100517 133138
0 100912 132922
0 101036 133505
0 101011 133103
0 100993 133432
0 100915 133127
0 100722 133199
0 101051 133341
0 101156 133518
0 100953 133314
0 101140 133575
0 100945 133420
0 101163 133624
0 101259 133606
0 101363 133781
0 101274 133572
0 101314 133782
0 101255 133555
0 101070 133564
0 101116 133217
0 101050 133486
0 100881 133115
0 100776 133265
0 100653 133075
0 100497 133004
0 100549 133107
0 100519 132963
0 100491 133238
0 100474 132835
0 100315 133067
0 100431 132631
0 100661 133349
0 100946 133159
0 100834 133407
0 100966 133251
0 100975 133548
0 101275 133534
0 101389 133787
0 101264 133655
0 101182 133508
0 101138 133542
0 101157 133558
0 101325 133576
0 100839 100524
0 67866 100161
0 67894 67644
0 34862 67157
0 34987 34643
0 2180 34472
0 1914 1574
0 2214 1884
0 2662 2097
0 2775 2496
0 3053 2515
0 3048 2624
0 2754 2420
0 2779 2443
0 2659 2264
0 2327 1899
0 2326 2064
0 2125 1712
0 2031 1685
0 2343 2101
0 2298 1897
0 2230 1917
0 2274 1905
0 1916 1765
0 2030 1550
0 2175 2055
0 2211 1808
0 2577 2243
0 2582 2195
0 2596 2250
0 2941 2404
0 2834 2497
0 2684 2332
0 2645 2126
0 2375 2028
0 2319 1946
0 2391 2064
0 2197 1874
0 2491 2240
0 2305 1935
0 2311 1915
0 2401 2263
0 2531 2221
0 2342 2141
0 2208 1917
0 2267 1914
0 2223 2033
0 1927 1655
0 1866 1753
0 2258 1757
0 2180 2064
0 2483 1972
0 2329 2131
0 2642 2325
0 2839 2574
0 2683 2354
0 2183 1955
0 2436 2241
0 2460 2088
0 2278 2113
0 2236 1960
0 2622 2225
0 2755 2428
0 3060 2590
0 2899 59875
0 35580 824229741
0 35517 92685
0 68330 824262414
0 68100 125134
0 100942 824295095
0 101090 133519
0 101087 133343
0 101181 133518
0 101511 133710
0 101366 133690
0 101116 133449
0 101046 133369
0 100608 133007
0 100652 133124
0 100612 133010
0 100717 133139
0 100899 133325
0 100743 133167
0 100612 133046
0 100911 133286
0 101153 133438
0 100950 133324
0 100708 132974
0 100577 133148
0 101044 133176
0 101243 133660
0 101382 133334
0 101201 133633
0 101470 133424
0 101837 134054
0 101688 133793
0 101370 133524
0 101366 133525
0 101304 133472
0 101091 133473
0 100674 132979
0 100341 132950
0 100525 133026
0 100731 133321
0 100623 133159
0 100557 133177
0 100677 133328
0 100578 133217
0 100413 133041
0 100297 132857
0 100218 132875
0 100162 132565
0 99976 132663
0 99942 132423
0 100549 133120
0 100603 133028
0 100710 133179
0 100577 133019
0 100684 133009
0 100849 133351
0 100795 133101
0 100837 133154
0 101149 133485
0 101047 133389
0 101131 133575
0 101369 133542
0 101318 133820
0 101588 133707
0 101144 133678
0 101175 133363
0 101220 133700
0 101362 133430
0 100818 133344
0 100614 132925
0 100466 132934
0 100690 132994
0 100408 132864
0 100309 132727
0 100030 132630
0 100204 132744
0 100089 132669
0 99945 132375
0 99710 132376
0 99548 132156
0 99852 132317
0 99972 132530
0 100072 132524
0 100455 132800
0 100891 133153
0 101241 133485
0 101460 133723
0 101443 133556
0 101602 133841
0 101623 133625
0 101266 133451
0 101212 133238
0 101195 133510
0 101314 133374
0 101138 133375
0 101183 133252
0 101232 133680
0 101515 133792
0 101357 133817
0 101032 133454
0 101050 133478
0 101033 133477
0 100967 133468
0 101058 133444
0 100935 133369
0 101004 133166
0 101307 133640
0 101181 133272
0 101134 133571
0 101079 133304
0 100905 133346
0 101164 133439
0 101195 133505
0 100842 133261
0 100992 133297
0 101077 133597
0 101074 133220
0 101236 133612
0 100950 133059
0 100554 132987
0 100814 132952
0 100590 133044
0 100636 132799
0 100673 132939
0 100448 132622
0 100706 133046
0 100989 133143
0 100730 133047
0 100938 133095
0 100706 133080
0 100561 132754
0 100622 133137
0 100399 132669
0 100212 132761
0 100118 132461
0 99890 132553
0 100342 132725
0 100482 132982
0 100859 133141
0 101011 133368
0 101167 133439
0 101529 133839
0 101418 133697
0 101133 133438
0 101190 133465
0 101031 133329
0 101023 133426
0 101130 133442
0 101139 133573
0 101455 133705
0 101457 133731
0 101277 133535
0 101366 133568
0 101157 133561
0 101260 133348
0 101321 133727
0 101390 133304
0 101441 133952
0 101539 133517
0 101337 133596
0 101396 133611
0 101210 133282
0 101082 133333
0 101064 133273
0 101246 133565
0 101007 133215
0 100996 133224
0 101201 133436
0 101001 133178
0 100796 133135
0 100669 132868
0 100249 132589
0 100484 132685
0 100427 132733
0 100319 132667
0 100389 132863
0 100651 132823
0 100887 133246
0 101144 133271
0 101026 133411
0 101106 133271
0 101101 133454
0 100998 133198
0 100810 133056
0 100731 132959
0 100660 132920
0 100745 133044
0 100890 133047
0 100896 133089
0 101326 133441
0 101312 133564
0 101147 133413
0 101363 133684
0 101770 134024
0 101409 133707
0 101333 133508
0 100858 133363
0 100783 133105
0 100787 133139
0 100761 132874
0 100519 132902
0 100735 133017
0 100957 133327
0 101198 133659
0 101355 133685
0 101125 133523
0 101042 133454
0 100927 133389
0 100823 133235
0 100781 133211
0 100897 133333
0 101039 133352
0 101227 133618
0 101159 133525
0 101384 133595
0 101668 133961
0 101651 133879
0 101668 133842
0 101466 133738
0 101334 133547
0 101438 133762
0 101310 133538
0 100989 133391
0 100855 133308
0 100813 133067
0 101023 133477
0 101093 133356
0 100952 133506
0 100828 133113
0 101141 133516
0 101320 133660
0 101273 133444
0 101283 133814
0 101466 133794
0 101554 133942
0 101636 133816
0 101362 133782
0 101139 133333
0 101100 133413
0 100967 133206
0 100991 133207
0 101039 133142
0 100927 133337
0 100910 133190
0 101014 133319
0 100862 133281
0 100855 133364
0 100594 132952
0 100522 133045
0 100837 133193
0 100983 133344
0 101147 133322
0 101147 133603
0 101314 133408
0 101653 133900
0 101743 133912
0 101611 133899
0 101292 133636
0 101168 133476
0 101332 133817
0 101307 133549
0 101103 133634
0 101051 133445
0 101069 133631
0 101233 133574
0 101173 133729
0 101096 133532
0 100773 133340
0 100777 133188
0 100648 133228
0 100463 132873
0 100593 133104
0 100635 132941
0 100729 133075
0 100825 133054
0 100902 133105
0 101034 133207
0 101216 133267
0 101056 133143
0 100916 133111
0 100727 132943
0 100769 133073
0 100855 133021
0 100756 133174
0 100602 132915
0 100659 133117
0 100699 133031
0 100915 133202
0 100985 133304
0 101121 133304
0 101171 133619
0 101308 133549
0 101332 133805
0 101229 133645
0 101343 133796
0 101488 133945
0 101110 133599
0 101183 133787
0 100932 133507
0 101026 133452
0 101131 133550
0 100872 133230
0 100637 133195
0 100617 132968
0 100462 133028
0 100494 132814
0 100397 132936
0 100338 132685
0 100568 133035
0 100603 132859
0 100781 133192
0 101007 133260
0 101205 133561
0 101147 133458
0 101119 133492
0 100899 133248
0 100836 133397
0 100904 133220
0 100973 133397
0 100797 133247
0 101142 133469
0 101285 133559
0 101588 133790
0 101581 133945
0 101432 133470
0 100981 133516
0 100914 133033
0 100873 133308
0 100820 133047
0 100704 133122
0 100730 133061
0 100657 132932
0 101083 133427
0 101219 133466
0 100856 133309
0 100877 133224
0 100723 133227
0 100921 133370
0 100995 133461
0 100902 133408
0 101054 133569
0 101348 133715
0 101536 133945
0 101596 133836
0 101247 133727
0 101213 133471
0 100972 133392
0 100992 133254
0 100905 133265
0 100795 133002
0 101004 133353
0 101568 133753
0 101485 133669
0 101724 133909
0 101433 133732
0 101319 133498
0 101496 133768
0 101253 133470
0 101027 133257
0 101214 133451
0 101370 133519
0 101438 133774
0 101552 133603
0 101288 133692
0 101525 133589
0 101443 133831
0 101216 133320
0 101018 133548
0 100892 133133
0 100960 133461
0 101173 133335
0 100891 133398
0 100937 133153
0 100994 133600
0 100789 133054
0 100899 133505
0 100919 133227
0 100925 133457
0 100921 133325
0 100959 133338
0 101213 133576
0 101565 133856
0 101567 133951
0 101611 133672
0 101642 101152
0 68771 100845
0 68641 68078
0 35708 67954
0 35308 34929
0 2702 35065
0 2304 1913
0 2129 1780
0 2318 2014
0 2215 1848
0 2151 1918
0 2259 1853
0 2378 1931
0 2533 2126
0 2376 1780
0 2216 2036
0 2257 1779
0 2334 2030
0 2198 1744
0 1830 1566
0 1601 1366
0 1733 1537
0 2055 1813
0 2331 1904
0 2638 2162
0 2823 2539
0 2998 2515
0 3387 3020
0 3216 2739
0 3036 2563
0 2967 2598
0 2737 2427
0 2914 2643
0 3032 2681
0 2877 2452
0 3024 2525
0 3122 2486
0 2953 2398
0 3089 2408
0 3037 2392
0 2830 2255
0 2910 2212
0 2968 2384
0 2958 2361
0 2889 2350
0 2714 2242
0 2554 2029
0 2747 2243
0 2850 2199
0 2856 2511
0 2776 2185
0 2888 2574
0 2892 2387
0 2862 2618
0 2899 2426
0 2892 2765
0 2957 2461
0 2871 2579
0 2960 2552
0 2882 2615
0 2787 2465
0 2884 2380
0 2635 2419
0 2612 1939
0 2735 2548
0 2532 1929
0 2655 2421
0 2878 2315
0 2465 2090
0 2637 2146
0 2186 1776
0 1908 1661
0 2161 1709
0 1999 1845
0 1831 1304
0 2206 1954
0 2010 1609
0 2071 1924
0 2184 1679
0 2283 1952
0 2503 1994
0 2804 2275
0 2524 2107
0 2721 2153
0 2952 2432
0 3193 2601
0 2828 2430
0 2908 2273
0 2674 2450
0 2715 2267
0 2829 2622
0 3040 2585
0 2968 2776
0 2946 2576
0 2841 2529
0 2878 2649
0 2908 2578
0 3038 2631
0 2762 2440
0 2770 2471
0 2790 2507
0 2716 2276
0 2542 2297
0 2673 2080
0 1986926317 67589
0 68231 1986958696
0 1986959330 67769
