-32068 -174439706 174440410
-32048 32789 493
450 217 394
-32299 32705 218
-32282 32729 211
-31787 33041 509
-32007 32828 287
-31857 33040 436
-32144 32693 369
-32057 32821 280
-32397 32649 143
-32116 32938 191
-31870 33010 447
-32042 32912 332
-32223 32850 226
-32074 32954 228
-32073 32836 366
-32041 32852 310
-32166 32816 267
-32377 32661 121
-32149 32753 188
-32167 32834 304
-32468 32603 35
-31867 32961 464
-32251 32654 258
-31978 32909 320
-32252 32822 120
-32359 32691 85
-32130 32757 398
-32381 32692 113
-32185 32772 239
-32049 32909 327
609 429 -32168
-32085 32791 386
-32200 32708 341
-32155 32746 345
-32268 32784 157
-31952 32932 344
-32081 32914 236
-32274 32602 210
-32074 32816 257
-31962 32910 450
-32030 32874 406
-32040 32934 256
-32326 32616 175
-32250 32637 253
-32054 32963 280
-32138 32691 338
-32195 32679 270
-32246 32833 58
-32170 32823 139
-32016 32849 461
-32064 32861 278
-32182 32616 301
-31977 32893 361
-32062 32868 339
-32057 32791 307
-32074 32834 274
-32109 32781 289
-32208 32821 188
-32406 32657 32
-32165 32827 241
-32012 32871 438
-32222 32613 286
-32175 32763 264
-32253 32730 285
-32315 32681 127
-31990 32855 348
-32107 32896 214
-32311 32613 188
-32200 32728 221
-32152 32843 222
-31991 32915 367
-31989 32840 437
-32229 32832 79
-32037 32916 271
-32163 32880 250
-32147 32817 257
-32152 32675 275
-32056 32808 372
-32141 32914 273
-32282 32550 258
-31884 33000 407
-32054 32936 265
-32330 32731 123
-32245 32618 230
-32059 32819 314
-32083 32808 225
-32177 32859 113
-32408 32650 96
-32080 32968 256
-32214 32849 179
-32362 32580 177
-32013 32895 310
-32181 32742 248
-32324 32707 86
-32323 32657 121
-32275 32612 205
-32399 32652 78
-32141 32812 339
-32172 32804 118
-32023 32849 287
-32163 32678 366
-32214 32805 202
-31998 32998 316
-32351 32643 96
-32273 32781 227
-32165 32693 277
-32308 32713 164
-32334 32622 183
-32142 32907 274
-31887 32951 410
-32186 32749 162
-32229 32742 252
-32228 32764 300
-32353 32647 185
-32255 32816 54
-32102 32773 273
-32156 32739 352
-32204 32752 222
-32143 32799 215
-32119 32890 232
-32111 32923 223
-32317 32685 178
-32199 32789 254
-31963 32911 379
354 334 257
392 275 194
-32073 32886 234
-32109 32848 318
-32306 32698 208
-32089 32893 322
-32037 32836 412
-32004 32844 373
-32203 32783 303
-32112 32919 293
-31959 33034 329
-32252 32769 65
-32143 32799 299
-32070 32813 321
-32273 32756 130
-32187 32891 234
-32217 32806 275
-32154 32702 338
-32404 32621 100
-32218 32803 265
-32230 32741 190
-32118 32942 187
-32222 32750 157
-31975 32958 335
-32089 32743 362
-32158 32750 355
-32330 32686 170
-32240 32808 149
-32310 32705 221
-32113 32765 246
-32243 32783 86
-32216 32783 250
-32245 32756 189
-32183 32699 228
-32199 32862 88
-32095 32941 241
-32229 32846 244
-32268 32752 87
-32180 32777 273
-32162 32848 319
-32124 32841 363
-32190 32737 212
-32301 32648 192
-32209 32771 207
-32166 32757 332
-32202 32804 238
-32157 32831 346
-32110 32776 422
-31837 33019 459
-32185 32893 153
-32253 32804 92
-32340 32659 116
-32259 32649 208
-32082 32784 275
-32219 32836 194
-32412 32670 3
-32086 32797 382
-32187 32870 123
-32138 32716 313
-32163 32735 200
-32353 32679 57
-32067 32907 284
-32226 32728 250
-32141 32839 169
-31988 32938 314
-32045 32917 276
-32063 32813 353
-32302 32649 193
-32169 32852 287
-32254 32700 280
-32295 32662 167
-31986 32850 305
-32040 32860 310
-32258 32742 163
-32109 32958 189
-32172 32774 359
-32151 32913 151
-32273 32639 244
-32107 32766 418
-32118 32905 239
-32286 32758 206
-32062 32912 347
-32090 32743 415
-32052 32866 285
-32204 32762 226
-32139 32881 191
-32254 32807 55
-32296 32767 201
-32071 32911 312
-32187 32847 149
-32353 32714 117
-31956 32907 451
-32109 32867 274
-32204 32832 177
-32146 32862 184
-32239 32752 299
-32173 32658 293
-32344 32662 202
195 100 145
398 177 273
486 400 329
559 335 324
443 430 201
358 316 290
392 284 248
427 274 186
502 396 357
297 156 220
379 200 349
388 200 250
558 380 348
172 125 127
512 480 287
404 232 361
167 159 151
281 248 56
221 50 219
372 256 278
503 386 368
252 125 212
448 229 384
199 140 103
309 261 157
533 347 410
361 331 180
239 179 182
251 153 247
422 231 358
250 176 231
443 322 376
-31943 32929 461
-31928 32924 427
-32252 32742 237
-32187 32663 327
-31867 32983 457
-32166 32833 166
-32155 32861 218
-32374 32558 162
-32156 32818 188
-32251 32706 249
-32279 32758 153
-32218 32763 299
-32019 32910 273
-32010 32881 353
-32181 32722 342
-32236 32684 297
-32368 32697 98
-32162 32837 244
-32016 32899 271
-32015 32935 317
-32049 32850 430
-32129 32868 276
-32257 32742 110
-32191 32717 194
-32117 32766 307
-32323 32581 195
-32417 32597 107
-32269 32679 201
-32172 32798 246
-32367 32682 57
-32155 32703 356
-31859 32975 441
-32065 32854 408
-32189 32708 291
-32173 32736 247
-32199 32869 171
-32222 32683 194
-32006 32845 470
-32079 32946 227
-32046 32959 279
-32197 32797 287
-32125 32843 244
-32327 32754 155
-32008 32892 434
-32140 32708 234
-32234 32779 189
-32316 32658 225
-31982 32986 362
-32182 32818 282
-32303 32724 118
-32281 32792 54
-32129 32829 228
-32326 32635 160
-32131 32813 323
-32265 32662 204
-32021 32923 331
-32161 32859 296
-32049 32828 424
-32295 32592 243
-32091 32765 377
-32349 32710 170
-31898 32948 469
-32043 32900 247
-31904 32948 473
-31964 32953 338
-32178 32902 201
-32241 32600 294
-32044 32888 316
-32367 32655 90
-32327 32727 59
-32060 32907 232
-32067 32879 305
-32074 32811 286
-32303 32762 69
-32110 32866 321
-32309 32771 19
-32232 32785 222
-32059 32944 333
-32113 32831 360
-32164 32699 310
-32239 32762 111
-32030 32836 271
-32007 32910 287
-31945 32955 433
-32043 32900 304
-32263 32770 139
-32174 32724 317
-31831 33038 456
-32263 32764 82
-32177 32685 336
-32337 32729 119
-32072 32796 355
-32223 32766 288
-32202 32826 179
-32002 32883 435
-32007 32881 285
-32260 32773 84
-31896 32935 467
-32170 32888 158
-32300 32688 106
-31948 32914 344
-32004 32863 437
-32162 32749 360
-32243 32831 165
-32226 32767 127
-32065 32860 326
-32220 32795 78
-32045 32969 303
-32336 32684 175
-32062 32940 303
-32203 32788 279
-32092 32784 348
-31946 32962 354
-32130 32824 298
-32413 32664 89
-32022 32811 411
-32377 32636 119
-32187 32877 144
-32003 32969 337
-32097 32867 344
-32079 32807 297
-32103 32748 232
-32075 32814 289
-32311 32622 175
-31843 33037 445
-32315 32709 143
-32082 32829 283
-32024 32812 304
-32067 32819 238
-31987 32871 334
-32037 32792 384
-31958 32981 357
-32315 32617 189
-32073 32846 417
-32083 32895 295
-32211 32759 119
-32237 32643 283
-32070 32877 335
-32302 32757 51
-32392 32642 115
-32127 32782 299
-32204 32761 289
-32333 32623 163
-32455 32579 72
-32099 32766 360
-32255 32784 49
-32002 32902 327
-32235 32785 98
-32024 32833 478
-32456 32549 85
-32060 32801 377
-31975 32907 313
-32280 32667 257
-32020 32989 316
-32313 32711 185
-32217 32841 94
-32127 32808 363
-31955 32935 397
-32178 32754 213
-32093 32862 278
-32215 32846 181
-32095 32940 277
-32121 32775 414
-32023 32992 267
-32044 32842 344
-32138 32802 166
-32152 32782 152
-32400 32581 111
-32049 32813 343
-32187 32790 138
-32192 32837 194
-32149 32919 231
-32261 32813 165
-32308 32650 141
-32348 32722 137
-32079 32839 413
-32215 32836 83
-32209 32685 295
-32308 32726 58
-32145 32762 234
-32078 32932 209
-32063 32908 301
-32191 32764 264
-32083 32907 345
-32200 32851 156
-32008 32860 315
-32031 32828 292
-32203 32836 285
-32145 32793 307
-32235 32749 200
-32064 32966 294
-32064 32773 488
79 52 63
257 87 215
398 240 304
84 41 71
463 225 424
390 289 202
243 227 236
379 264 140
705 453 471
511 392 310
362 231 176
458 270 356
96 62 41
268 255 28
259 182 152
373 166 288
510 391 284
161 57 155
364 149 358
408 391 190
223 134 203
191 107 178
417 372 214
152 107 68
275 45 260
509 436 256
444 306 318
589 358 334
196 123 179
431 335 313
497 302 404
168 132 143
359 314 137
405 150 391
319 186 218
140 55 96
503 450 284
303 257 131
462 343 352
173 90 147
411 221 378
409 386 266
270 223 199
314 166 238
169 135 88
521 323 292
129 111 80
115 113 102
348 235 116
662 410 433
236 186 73
472 314 394
367 251 142
442 438 188
312 227 161
192 178 177
162 86 87
489 371 360
496 302 355
185 57 162
400 380 218
698 462 467
325 189 163
467 380 256
-32212 32785 160
-32117 32896 233
-32418 32662 14
-32081 32796 290
-32072 32856 288
-32127 32788 228
-31925 32976 381
-32216 32712 252
-32023 32882 319
-32088 32868 352
-32226 32841 214
-32322 32689 133
-32197 32730 344
-32363 32618 152
-32172 32878 172
-32063 32864 354
-31983 32872 431
-32044 32940 310
-32478 32591 31
-32328 32691 191
-32064 32814 445
-31930 32902 436
-32266 32783 218
-32225 32683 288
-32175 32877 194
-32011 32839 446
-32129 32786 358
-31925 32914 467
-32111 32782 249
-31997 32837 356
-31858 32976 469
-32324 32735 195
-32329 32660 187
-32133 32771 233
-31987 32942 355
-32324 32738 123
-32414 32616 74
-32191 32870 153
-32140 32890 151
-32123 32917 277
-32241 32783 222
-32053 32881 364
-32204 32840 238
-32513 32568 3
-32356 32651 135
-32256 32726 150
-32202 32857 126
-32297 32586 218
-32239 32815 228
-32238 32774 229
-31906 33022 400
-32302 32723 129
-32149 32756 371
-32335 32664 96
-32190 32725 195
-32074 32869 228
-32292 32743 115
-31864 32963 473
-31990 32968 320
-32251 32799 189
-32251 32762 78
-31952 32878 417
-32125 32848 224
-32022 32867 363
-32308 32759 95
-31959 32937 385
-32206 32698 210
-32109 32821 399
-32496 32563 25
-32329 32744 104
-32170 32745 352
-32084 32798 322
-32241 32814 188
-32305 32705 204
-32388 32660 59
-32322 32730 183
-32444 32595 93
-32314 32649 146
-32319 32682 136
-32403 32657 74
-32001 32853 408
-32268 32692 131
-32222 32813 101
-32061 32778 461
-31878 32971 413
-31969 32893 430
-32184 32818 122
-32018 32911 364
-32109 32721 295
-32201 32648 275
-32418 32563 119
-31932 32931 434
-31986 32993 354
-32065 32831 374
-32194 32730 197
-32064 32874 380
-32152 32889 235
-32135 32922 183
-32090 32903 264
-32311 32697 155
-32047 32900 348
-32211 32707 178
-32130 32867 161
-32061 32819 365
-32258 32716 200
-32021 32812 378
-32008 32884 298
-32173 32764 259
-32258 32793 37
-32185 32867 282
-32235 32766 248
-31999 32931 298
-31990 32853 356
-32361 32616 119
-32023 32864 389
-32173 32865 179
-32188 32704 217
-32073 32835 294
-32285 32679 172
-32386 32601 130
-32101 32771 254
-32247 32751 253
-32127 32785 398
-32151 32699 258
-32298 32605 218
-32027 32955 270
-32103 32841 312
-32360 32604 172
-32039 32836 398
-32359 32696 152
-32296 32652 217
-32237 32754 165
-32250 32730 208
-32290 32726 205
-32454 32563 70
-32267 32811 38
-31907 33008 405
-32156 32736 344
-31860 32987 438
-32098 32750 296
-32134 32836 177
-32092 32877 257
-32378 32646 74
-32192 32881 153
-32099 32812 354
-32019 32866 358
-32106 32869 207
-32027 32835 306
-32083 32918 289
-32062 32845 277
-32190 32674 347
-32279 32802 100
-31930 32909 356
-32315 32716 211
-31924 32937 382
-32022 32842 429
-31993 32834 312
-32139 32873 235
-32181 32747 253
-32132 32697 373
-32256 32820 113
-32110 32734 384
-32150 32747 279
-32011 32990 315
-31957 32938 333
-32420 32591 76
-32143 32694 312
-32051 32805 254
-32310 32715 152
-32355 32593 164
-32138 32781 209
-32377 32625 153
-32185 32712 273
-32200 32777 172
-32159 32825 258
-32240 32784 296
-32093 32756 437
-31902 32931 449
-32120 32754 306
-32303 32725 80
-32120 32815 282
-32164 32781 307
-32343 32676 178
-32281 32636 202
-31981 32896 457
-32191 32656 343
-32218 32727 159
-31975 32950 361
-32158 32671 270
-31913 32990 388
-32295 32783 179
-32146 32922 195
-31975 32971 362
-31811 33024 500
-32336 32586 195
-32234 32612 252
-32388 32648 56
-32370 32680 144
-32142 32783 397
-32001 32858 450
-32053 32924 356
-32120 32884 179
-32012 32897 426
-32147 32878 198
-32213 32783 255
-32372 32615 107
-32084 32923 249
-32168 32755 238
-32224 32753 259
-32054 32918 295
-32031 32902 290
-32071 32837 321
-32184 32767 152
-32152 32888 205
-31943 32884 345
-31940 32910 353
-32071 32923 314
-32014 32839 411
-32273 32704 160
-32316 32631 193
-32048 32955 264
-32071 32984 270
-32261 32644 179
-32205 32870 121
-32056 32790 433
-32063 32791 468
-32246 32740 276
-32189 32858 166
-32195 32830 125
-31948 32928 421
-32026 32934 281
-32103 32768 378
-32053 32984 257
-32063 32948 282
-32101 32742 266
-32113 32786 382
-32222 32835 150
-32249 32641 243
-32142 32711 254
-32186 32730 344
-32039 32901 339
-32053 32822 409
-32225 32812 131
-32239 32837 249
-32145 32807 362
-32294 32735 86
-32193 32864 125
-32300 32555 228
-32125 32829 238
-31910 32963 376
-32093 32782 331
-31981 32914 332
-32294 32753 134
-32026 32922 278
-31961 32887 416
-32035 32895 348
-32042 32953 326
-32412 32636 98
-32105 32790 352
-32130 32906 198
-32051 32930 292
-32165 32829 163
-32087 32913 223
-32024 32937 267
-32248 32694 224
-32165 32877 218
-32207 32783 285
-32374 32673 62
-32161 32795 303
-32216 32791 76
-32209 32790 297
-32118 32774 234
-32123 32715 252
-32113 32764 337
-32278 32635 241
-32084 32820 399
-32084 32816 341
-32027 32828 363
-32278 32635 181
-32263 32773 189
-32302 32665 176
-32236 32750 122
-31998 32865 291
-32183 32835 171
-32181 32866 249
-32221 32674 285
-32223 32709 243
-32086 32779 249
-32166 32788 253
-31862 33020 455
-32133 32859 205
-32044 33032 251
-32197 32875 259
-32326 32744 167
-31972 32940 320
-32021 32885 348
-32240 32750 250
-32060 32969 274
-32295 32783 25
-32103 32795 189
-32221 32695 225
-32231 32771 207
-32256 32795 99
-32260 32639 215
-32215 32783 122
-32263 32735 189
-32200 32851 257
-32280 32645 237
-32001 32843 340
-32221 32690 308
-32082 32913 275
-31989 32907 349
-32065 32878 314
-32258 32798 55
-32308 32760 91
-32221 32742 309
-32284 32748 234
-32014 32864 343
-31920 32938 373
-32241 32789 282
-31913 32933 440
-32165 32715 303
-31918 33025 391
-32291 32762 67
-32163 32705 324
-32371 32678 50
-32308 32631 211
-31954 32976 396
-32218 32736 293
-32034 32829 429
-32265 32782 156
-32236 32674 213
-31945 32936 400
-32172 32849 198
-32317 32731 39
-32197 32833 201
-32188 32817 317
-32067 32898 223
-32162 32847 278
-32038 32929 274
-32020 32910 378
-32023 32859 277
-32009 32933 326
-32128 32775 266
-32416 32660 120
-32196 32787 180
-32279 32670 228
-32000 32971 302
-32110 32760 429
-32119 32708 327
-31919 33012 374
-31852 33029 451
-32279 32632 223
-32040 32943 334
-32291 32773 122
-32224 32741 147
-31942 32901 446
-32162 32703 255
-32078 32811 299
-32092 32809 201
-31884 32946 473
-32223 32859 219
-32110 32856 179
-32206 32827 135
-31925 32931 459
-32160 32689 239
-32319 32610 191
-32082 32961 229
-32349 32618 167
-32042 33011 269
-31993 32894 420
-32207 32832 262
-32114 32796 342
-32262 32686 248
-32287 32691 174
-32239 32804 119
-32022 32988 301
-31987 32992 343
-32211 32772 226
-32076 32810 288
-32008 32861 369
-31935 32925 459
-32237 32762 199
-32010 32803 381
617 391 410
179 89 175
367 195 284
320 296 208
238 209 237
418 313 335
165 102 150
442 213 346
368 229 282
264 156 163
256 155 232
346 283 178
537 294 427
320 214 218
285 73 246
208 206 193
305 284 62
333 101 250
210 133 79
169 146 31
91 67 61
417 379 256
530 311 468
581 348 435
640 385 396
395 306 264
344 260 194
480 374 355
246 228 245
350 206 334
512 401 322
410 340 309
572 415 366
462 332 236
325 87 286
393 139 327
448 219 380
343 143 215
546 390 365
520 360 384
255 204 167
405 222 296
451 204 405
438 285 260
274 90 272
371 296 239
360 218 182
448 256 305
508 331 286
457 433 243
358 171 279
386 264 270
375 277 296
330 325 143
485 375 287
501 426 260
522 322 380
272 83 245
475 376 250
297 200 180
235 223 70
582 340 369
252 248 225
499 255 480
395 224 299
272 153 217
420 274 177
458 401 287
169 16 167
424 254 410
48 9 44
117 117 6
525 312 371
258 232 125
290 69 246
544 389 312
228 201 159
109 44 73
230 87 144
624 440 428
478 261 451
591 367 339
264 135 198
425 231 400
340 210 279
471 382 276
259 238 190
558 331 426
357 314 283
305 268 154
539 427 353
551 350 384
399 284 329
237 233 101
453 312 315
394 308 300
335 274 209
669 454 448
275 171 132
407 314 294
257 181 178
379 234 166
220 117 202
466 227 374
