1111 -840 247 521 -291 857 604 -115 729 122 -349 1183 171 426 232 970 689 1324 908 985 281 1223 576 364 701 572 914 945 157 495 -7 182 -68 -654 410 511 1330
1357 154 267 757 615 -153 366 826 480 965 -133 1426 6 1148 528 1096 641 755 714 858 -433 301 441 720 920 -167 591 428 694 -31 -714 -307 1267 97 1390 925 668
422 633 1129 512 -249 287 418 187 558 223 382 401 493 385 -158 676 526 245 637 539 -144 627 1053 1491 1127 620 178 941 947 -719 -315 320 740 396 722 958 674
657 1293 1293 -33 483 510 1268 -336 -308 528 1099 -116 827 640 765 749 248 702 568 1087 -173 389 569 842 1175 -44 -297 489 1313 292 899 7 553 862 437 602 -318
1265 417 828 398 -149 1233 744 670 139 1084 1035 1081 225 -42 1495 1037 185 569 831 1370 428 454 239 1150 1349 -117 334 681 840 -81 1167 398 -281 502 -351 557 -189
1346 598 549 888 721 481 241 730 68 1009 578 414 337 -187 1336 144 985 872 879 948 863 360 809 612 265 46 414 416 430 465 1288 992 280 817 982 750 293
367 1052 -32 518 1490 595 -281 811 790 1067 586 798 1021 82 631 846 682 840 156 911 1484 1042 167 -183 603 870 1191 281 1140 995 462 716 288 1518 822 113 887
599 619 600 1017 515 -98 806 265 93 433 32 238 1310 1147 -159 859 769 688 -767 85 1616 1644 656 365 316 390 565 546 325 723 247 -70 985 1084 37 -299 352
-181 494 85 1179 279 774 183 780 957 152 841 -583 1047 1016 1 901 365 1340 12 -147 1207 490 95 -45 808 971 344 209 -136 344 129 -46 278 747 -510 -133 1071
742 1182 452 920 558 -211 166 249 1146 0 -81 251 464 381 93 88 1126 557 680 422 654 741 -535 669 853 568 261 628 401 -101 -165 518 562 241 218 495 616
-22 834 288 223 625 374 824 514 406 -162 863 219 907 276 380 1032 909 516 661 1040 262 -292 -288 772 912 1116 1100 605 1080 734 361 677 449 -279 1037 152 755
551 451 1445 645 -93 984 -272 655 306 141 1615 394 930 10 714 913 -225 515 1563 497 -300 378 701 347 858 594 646 279 646 261 1045 675 407 -326 214 1210 1245
52 584 1129 522 452 1329 743 273 158 473 1006 729 608 -361 728 442 -254 456 1043 -621 -4 964 1349 -122 337 1355 125 343 274 536 714 653 304 531 186 593 401
502 27 684 866 687 411 194 1196 -174 735 440 492 577 -36 593 79 430 470 625 163 185 1022 816 119 -233 936 241 747 35 708 50 1046 -280 617 281 465 -270
1059 630 -2 1415 1301 1201 947 294 531 757 -132 989 278 -328 507 -701 714 -22 153 858 601 525 -143 351 43 54 487 147 685 107 448 371 324 617 1020 477 -693
867 1112 -580 600 1288 169 804 1001 990 487 -272 959 371 484 158 -488 1394 183 470 1536 683 1189 -256 587 53 -382 290 -50 385 931 464 -454 141 727 697 77 129
1415 561 235 1015 1250 -217 551 806 213 1251 579 1159 -375 1030 -617 423 1041 596 233 962 1205 324 506 -3 597 263 -178 -394 648 752 581 437 728 164 1007 670 716
876 569 433 887 867 463 511 35 1161 293 188 623 171 573 -225 1030 62 1400 530 -265 713 184 1456 30 1424 407 277 42 -201 1020 520 -115 933 196 759 -49 1207
1399 289 30 204 182 245 184 -476 632 951 502 124 -113 715 907 1685 629 1401 52 529 1188 -342 1146 1000 1206 890 492 330 366 311 111 -104 1372 398 543 -229 1342
398 830 787 424 -78 605 875 -184 115 96 377 -471 573 1539 1373 863 755 655 -504 556 524 481 476 1308 151 585 442 32 392 169 94 763 982 -127 580 667 571
594 549 701 -192 -352 647 842 202 352 669 -331 7 568 871 918 584 207 -26 18 1014 143 972 325 376 310 733 -63 1066 664 340 894 1412 981 559 643 53 524
1488 14 590 773 682 1225 720 794 130 39 140 137 339 -181 121 363 466 -49 264 346 334 389 466 -33 123 208 318 1278 1288 428 1337 1678 992 1013 128 387 664
656 420 -172 505 505 723 1071 974 674 758 -75 89 680 73 645 -82 954 -22 696 845 42 867 19 197 586 -390 629 1196 597 1001 316 622 232 117 -371 327 45
374 715 -206 554 -270 613 576 1558 -9 556 927 881 949 280 337 1130 1066 -336 784 1306 73 418 -661 470 1076 395 319 415 1025 593 914 29 846 569 -554 915 496
211 591 302 443 61 563 -112 925 256 718 626 1763 1555 534 -398 812 584 -292 722 363 -146 375 -48 1365 919 289 635 -152 677 153 -406 625 -176 638 8 799 143
-79 266 402 75 441 651 -237 257 423 1130 912 1252 951 1259 367 504 770 162 -280 -96 522 -26 236 228 261 648 1282 275 1310 363 326 655 248 975 1006 1008 783
585 -499 770 646 1478 -361 -588 517 829 1386 145 919 -104 274 501 -3 253 935 -480 128 828 273 917 287 17 -100 1532 -309 970 360 819 -159 457 135 470 643 759
500 8 1807 555 1104 276 455 229 632 1198 320 160 428 969 -209 506 939 551 -220 594 1772 275 1395 391 -584 -29 1253 131 235 693 1117 807 731 -442 938 -153 1139
-102 251 817 -39 985 770 446 715 257 514 665 -419 585 776 142 546 1524 654 645 618 1058 764 361 1250 -159 644 459 609 396 577 1009 -187 921 567 707 748 573
908 943 16 246 105 631 656 727 748 -96 679 -23 1011 238 847 -113 650 787 1363 367 72 689 -294 1545 559 332 -63 906 1028 541 713 244 1324 1140 471 833 532
37 365 -240 963 206 757 161 231 30 -735 1267 116 1025 776 1559 5 200 1163 1580 799 -325 1481 60 400 932 685 -204 1044 540 -116 1101 1246 1743 715 112 631 671
456 173 766 1438 0 1019 818 -163 737 171 1111 1254 1119 772 1534 869 654 1075 426 326 -110 847 854 246 993 950 -56 1615 -383 621 164 857 1499 875 629 -144 1054
-479 -413 87 831 594 818 707 62 -48 764 1099 596 706 272 278 145 1268 388 112 -79 862 -145 1142 1008 738 291 765 845 274 -31 1195 467 200 -3 1467 -297 1159
-154 668 -107 755 -167 785 234 949 578 262 597 405 322 1337 -369 339 750 922 281 681 1481 169 1228 801 247 673 968 67 237 278 697 818 741 677 470 732 400
567 1277 263 811 41 914 1044 432 444 1128 -228 122 100 702 414 320 861 684 770 180 707 551 1241 259 25 1357 -18 223 451 185 695 -16 -238 279 380 1273 -353
1163 489 1080 214 632 162 714 107 492 173 295 438 190 691 1443 140 838 1122 1067 365 43 917 995 493 626 634 390 391 981 777 758 1015 649 -64 -328 789 517
840 263 1367 65 524 41 95 860 1289 1009 -523 1424 98 191 786 331 367 421 1062 299 -42 392 338 -37 1247 23 675 531 1239 483 14 323 1597 63 651 50 1457
1036 1031 1318 758 1207 265 661 526 1589 897 -42 531 38 -514 -91 943 -126 -100 714 -112 482 -16 377 369 1667 298 427 -204 550 1126 -572 633 845 947 1312 -191 568
264 938 303 517 694 939 931 341 1139 133 954 -527 -269 -509 882 992 171 -268 895 667 1555 -315 254 -229 1009 163 318 566 954 877 477 255 280 1101 721 697 120
647 240 340 574 573 802 674 -45 199 -393 1692 71 -520 105 542 488 246 425 408 -328 1109 194 -125 375 -356 613 1136 21 300 1213 1092 190 -7 517 333 228 537
990 18 -567 -114 320 -131 -164 33 153 470 682 986 549 854 129 369 -389 578 -43 360 1000 917 -649 -615 187 1216 805 253 -274 663 577 863 -229 166 -602 208 517
