-910 -1389 -343 -410 -1664 -94 -399 -1539 1239 -1636 -63 -1195 65 -1153 -51 -942 -640 -1741 -135 -746 -867 -1379 -918 -263 -1089 -878 -1232 -161 -429 -439 -1016 -658 -157 -725 215 -1255 -301
-956 -429 -937 -807 461 -1802 -536 675 -1924 42 -1258 -208 -1886 -450 -984 -437 -721 -404 -847 -496 -1013 -1000 27 100 -482 -1429 -157 -542 -162 -475 -1130 -808 -286 -643 -750 71 -1489
-1365 -264 -237 -536 -1898 619 -1051 -1142 -27 -1008 18 -1012 -115 -87 -748 -965 -452 -1204 -360 -1351 -343 -915 -1116 -773 -1440 201 -1726 -265 -923 -405 -816 218 -970 24 -438 -1148 -461
-784 -278 -717 -2033 161 -1350 709 -1167 -1318 -128 -608 -655 -969 -724 -780 -651 -1139 -668 -1042 -358 -632 -619 -425 -1118 301 -778 -313 -835 -865 -308 -114 -1343 -331 -1484 -365 -960 -577
-131 -1329 -988 227 -1663 198 -1308 -461 -492 -1020 -1034 217 -1809 -429 -407 -237 -1180 -872 -293 -775 -986 -815 -1271 31 -1151 -1185 -647 -514 -938 -592 -240 -74 -1061 -228 -594 -505 -448
-387 -1447 -926 -1065 712 -2002 -472 -661 274 -649 -216 -1007 -278 -876 -603 -1260 -46 -831 -697 -818 -432 -1094 -30 -942 -1116 367 -424 -243 -1041 -755 -654 -1014 -167 -1616 -93 -428 -844
-1311 272 -742 -872 -812 121 -1725 -380 -688 -888 -1338 -499 -139 -415 -1311 -334 -662 -501 -1400 -892 -618 350 -754 -1199 -532 -1019 -462 -1530 256 -441 -1249 -335 -922 886 -926 -781 -534
602 -2264 191 -1016 -749 -1462 1327 -1049 -1101 433 -1066 -163 -871 -70 -455 -1248 312 -1247 -597 -755 -490 -551 -1091 -267 -657 -308 -758 24 -1028 -284 -130 -1571 544 -1114 -741 -192 -1315
-1700 33 -773 -172 -1538 181 -2226 225 -536 -1325 148 -1609 -366 -578 -504 -342 -1929 423 -590 -944 -459 -1172 471 -824 -155 -1177 -638 -795 -533 -964 -502 393 -1110 -121 -883 -842 729
307 -1299 -951 -1519 455 -1353 76 -1019 -82 93 -1909 1066 -1489 -569 -193 -1038 479 -1536 -87 -52 -1121 -515 -1819 -128 -389 -384 -646 -275 -298 -824 -614 -615 -565 -949 -399 378 -2407
-1570 367 -698 -626 -958 -1057 -506 -625 -1184 -1035 236 -1184 -174 -591 -1268 392 -1496 -400 -1183 42 -171 -1614 289 -378 -1124 -804 -682 -650 -877 -158 -1148 -176 -916 -805 131 -1265 533
-415 -1999 -26 -904 -1483 616 -894 -575 -977 -601 -306 -447 -1009 -495 67 -550 -945 -723 175 -1176 -1556 344 -628 -817 -268 -537 -161 -676 -621 -697 224 -1015 -533 -230 -1691 343 -1218
-1583 472 -997 -680 -423 -2053 59 -1809 406 -844 -716 -522 -547 -461 -346 -757 -654 60 -503 -1491 -322 -203 76 -1089 -953 -176 -620 -702 -456 -858 -432 -899 -240 -813 -104 -1456 470
-115 -1264 -528 -707 -126 -313 -1435 713 -1601 -583 -175 -1203 -196 -317 -1245 -259 -368 -733 -1461 -96 -629 -717 -1210 -225 -538 -448 -345 17 -817 -279 -1428 190 -1127 -74 -246 -601 -1526
-306 -519 -1254 -665 -1226 -605 -585 -1591 642 -1113 -1104 -369 -157 -719 -280 -543 -744 -659 -311 -536 400 -1828 -357 -471 -116 -1174 -218 -644 194 -1240 59 -1502 -450 -920 -420 -709 -1019
-1265 -146 -640 -983 -45 -538 -953 -191 -846 -908 303 -1152 -125 -1086 -533 -1034 -345 -1179 -756 -332 -1276 105 -1588 -195 -724 -170 -1113 -6 -1585 766 -1208 -321 -1206 419 -1304 -621 32
-226 -1711 -12 -312 -973 -1097 -573 242 -1487 -54 -827 -456 -926 -156 -899 -964 -484 -345 -416 -1277 -508 -645 59 -914 -1031 187 -719 -1459 362 -1375 -436 -324 -921 -1342 -919 88 -1473
-1241 -138 -1001 -449 -603 -70 -790 -1821 691 -1011 110 -801 -118 -2032 151 -613 -935 -587 29 -789 -1400 99 -1206 -640 -157 -913 -404 -8 -1659 -130 -1005 -634 -591 65 -902 -1088 241
25 -999 -235 -869 -146 -388 -481 -34 -1507 317 -1571 -149 -1390 130 -766 -695 -702 -745 -1009 -586 53 -1697 -160 -151 -1066 -689 -671 -714 -212 -1319 -686 -1132 -670 -513 -772 -691 -1147
-1456 306 -526 -844 -1243 -995 -87 -889 -168 -1200 615 -1670 -454 -136 -555 -948 -405 -949 -438 -298 -44 -453 -796 -630 -407 -874 -64 -933 -719 -415 -1321 25 -874 -1105 -432 256 -1059
-859 -597 -125 -450 -188 -716 -276 -682 -855 -556 -1780 515 -579 -867 -1025 -185 -1161 -349 -400 -606 -1102 -137 5 -1524 -316 -270 -1583 16 -1323 -934 -230 -842 -740 -922 -6 -1429 6
344 -1274 -1257 -464 -465 -514 -1413 -568 54 -1348 217 -1038 -561 -873 -1017 -126 -960 2 -287 -1054 122 -1073 -163 -219 -1041 -648 -273 -946 -65 -1442 -542 -1089 -768 -254 -1061 -903 -746
-916 -1 -529 -741 111 -1397 502 -1368 -744 -371 -1249 -616 -1212 -703 -119 -1148 -176 -602 -1028 -84 -947 -333 -1206 -452 -314 -757 -788 -92 -1804 1139 -1727 -83 -533 -874 -67 -455 -142
-837 -387 -171 -492 -1317 -538 -823 141 -781 -1418 -130 -1033 -454 -786 -1180 -13 -1238 -885 -443 -231 -330 -1241 -228 -610 -156 -5 -1454 -1144 -88 -1746 417 -2068 -136 -840 -1110 -390 -969
-243 -831 -210 -1043 -297 -553 -107 -1394 -532 -676 -1251 -133 -269 -1079 -674 -487 -382 -710 -466 -772 -859 -356 -931 -620 -694 -715 -316 -301 -1139 262 -1897 1149 -1452 -219 -36 -544 -998
-1303 -150 -1393 -2 -574 -165 -1332 -844 -39 -670 -87 -1663 -1039 -248 -604 -1440 -599 -190 -884 -1084 -496 -498 13 -823 -1155 -116 -1167 -176 -912 -1013 -576 -1525 -928 -816 -609 -985 -242
418 -1112 -871 -114 -375 -1261 -790 -35 -813 13 -1275 -172 -962 -958 418 -649 -1053 -423 -1200 -198 -1034 160 -1421 -644 -956 -1032 185 -873 -797 -205 -314 -415 -770 -171 -1885 327 -1184
-1375 -555 -229 -591 -1385 -402 -146 -1016 -541 -734 -472 -1067 -511 -223 -2067 -52 -406 -1354 -678 -763 -158 -1656 206 -985 -530 -670 -583 -719 -1225 -500 -1370 168 -1476 -1224 -84 -1501 -95
-303 177 -322 -1778 -453 -303 -554 93 -1322 -281 -891 -230 -639 -493 -1000 -667 -835 -707 -1064 -344 -1267 -469 -1366 -431 -274 -909 -937 -682 9 -785 -478 -1581 -663 158 -1259 137 -1457
-136 -1234 -1090 -666 -21 -1232 -306 -898 -379 -706 -1263 61 -1175 -681 -187 -922 -1650 -211 253 -1193 -332 -1282 -515 -792 22 -1153 -758 -766 -383 -466 -1596 -303 -855 -904 -398 -1051 -753
-596 -343 -95 -577 -446 -870 -1119 370 -1001 -636 -15 -873 -727 -355 -500 -751 -1129 -974 -587 -668 -1371 153 -765 -1291 -855 -451 -264 -1102 40 -1888 -80 -573 -112 -845 -1382 -537 -170
-496 -1841 -336 -264 -1044 -214 -277 -2019 -612 -304 -1104 -144 -946 -1015 -1239 74 -550 -517 -1678 -332 -583 -513 -569 -509 -1345 -249 -999 248 -2179 834 -1259 -178 -1560 -210 -842 -158 -1189
-770 -219 -468 -1308 159 -1321 -549 164 -1034 -308 -100 -1331 696 -1092 -285 -1432 826 -1387 -742 -595 -198 -994 -1258 470 -990 -1364 76 -1252 389 -1840 626 -1195 -641 -660 301 -1063 -170
-964 -334 -991 -671 -881 -102 -1150 -396 211 -1592 -273 -852 -960 394 -1491 -245 -1779 251 -1458 78 -1219 -318 -858 -888 -743 -395 -683 -619 -1380 666 -1734 -248 -969 -506 -1093 256 -1369
-845 117 -976 -579 -1093 -744 -189 -780 -1561 642 -1531 -408 -101 -779 483 -957 -480 -1199 474 -1310 -651 -216 -68 -1198 -855 387 -1507 -510 -288 -1139 402 -872 176 -1066 7 -1415 -611
-697 -1522 -572 -621 -423 -560 -668 -744 -24 -1892 1016 -1118 -558 -649 -432 -546 -1125 -10 -1171 -388 -1209 -476 -872 -147 -740 -1339 -480 -275 -730 -393 -1603 147 -1351 -155 -1682 -88 -226
-1079 -492 -897 103 -1038 -257 -1963 390 -1012 45 -1983 668 -334 -628 -762 -760 -7 -1062 -415 -593 -435 -742 -625 -19 -454 -422 -968 -648 -314 -1317 126 -1446 892 -716 -647 -1433 -88
-392 -587 -755 -1261 -126 -1219 43 -1034 -35 -447 -467 -1263 -67 -525 -969 390 -923 -807 -935 107 -403 -351 -1460 -219 -991 -32 -949 -604 -820 416 -1695 5 -1656 237 63 -353 -1995
-1332 73 -603 -353 -824 406 -470 -360 -1845 -157 -87 -592 -1206 -840 438 -1277 -116 -963 -963 -628 -835 -990 449 -1049 -265 -880 -906 -456 -596 -1224 1028 -1287 -520 -644 -589 -123 -648
-423 -1452 -464 -922 -332 -920 -410 -500 -493 -1084 83 -378 -994 241 -625 -1260 -744 -505 -490 -1248 -21 -196 -1226 -320 -1766 -473 609 -1166 -1081 -130 -479 -244 36 -1340 -170 -1529 315
-760 5 -1209 -292 140 -702 -763 -57 -781 -145 -1656 -690 508 -1209 -1216 -872 -372 -381 -644 -1217 -606 -541 60 -1690 49 -172 -1040 -380 -708 -742 -405 371 -1043 -16 -1795 118 -492
