-2981 -1198 -1992 -4235 -4611 -4730 -4048 -1779 -302 15 968 1575 -451 -1367 -723 -2142 -4480 -3618 -1579 -2008 -817 -2031 277 1302 417 -1639 -200 2208 2669 875 627 -1626 -1729 -2222 -1795 -3522 -3032
338 -1142 -968 -1064 -2243 451 1330 253 1190 1994 961 128 -414 -698 1516 1033 3474 4337 5766 4181 2488 1839 1928 624 1663 781 323 346 176 102 -1401 -2705 -2913 -2502 -873 -242 -505
3126 2231 1921 1960 1936 1831 2339 -396 1062 476 2054 1551 2333 2619 3576 2988 3867 1591 795 182 -387 401 -1213 -189 833 1871 1958 -287 -2179 -1427 -2766 -1421 -1066 1065 4201 3290 2386
2114 1225 -165 -1002 1417 434 -821 -824 -489 -1282 -1826 -1284 -1559 -438 -2602 -786 -2572 -3302 -2992 -1476 -204 426 546 1494 2115 2217 -31 -1918 -1504 -627 776 1972 2509 3415 3136 2668 1876
-1250 -941 -620 949 -451 -1239 -2408 102 -774 154 -665 -246 727 847 573 439 649 340 485 81 1663 1555 2467 96 560 858 1085 1580 628 1445 2387 2064 1038 -78 -2792 -1176 -56
-472 159 703 2727 144 747 1102 1205 2805 2573 2234 2296 3491 1473 1524 316 2846 2824 1548 824 1058 2422 820 -106 337 1552 1351 441 -716 -433 -495 -2485 -2144 -2233 -2353 -1908 -561
4202 1212 1940 641 2118 787 2511 2289 1514 172 709 1970 738 493 33 1171 1741 2650 1281 2679 3116 2440 9 -483 -713 -1045 -2043 62 1599 873 85 973 2349 2317 4293 2636 3553
751 1656 1651 395 892 646 803 1353 -209 503 -482 669 173 849 2200 2410 1141 1279 1185 927 -237 -342 2196 2670 1880 846 2008 2857 4182 3897 4098 5747 4544 3984 3875 4292 2471
-2839 -1043 -832 -624 -643 93 372 -901 1089 1946 1074 235 1657 2350 1347 1132 682 49 2533 910 1037 149 1754 3185 2161 2801 2288 1217 325 432 1109 733 -70 -972 -2211 -596 -1909
-335 748 1006 1259 1482 315 662 -78 -545 -256 2723 1860 951 80 254 -583 -1394 -380 20 1452 1536 814 -502 -309 -952 -2199 -1824 -1261 -3423 -3285 -2740 -4106 -4017 -2653 -2204 -2780 -1144
2276 394 793 -9 201 497 614 898 -1122 -496 -1505 -1434 -2656 -2216 147 702 129 1038 1182 1161 -1097 73 431 -894 -842 -1300 -79 -900 -15 -391 406 -905 -432 405 1680 1580 1138
727 1138 -797 -664 -927 -380 -989 -1958 -545 -818 33 -741 446 3371 1768 2449 2901 2983 2668 -388 796 642 993 -164 1200 3433 4332 2898 3423 3614 2237 3316 1960 745 493 858 251
1456 2095 1967 1036 2066 1566 -377 1259 1900 1293 1810 2566 3811 3126 1329 1123 1546 1022 -1379 -2081 238 786 -511 2185 2737 3278 1529 2575 1032 944 -887 563 290 2389 477 894 1031
578 -571 770 14 20 256 -550 1331 1298 1712 1031 477 1236 -1055 -858 562 -637 -1169 -369 1086 906 720 532 1632 1500 73 -1629 293 785 -291 376 -1203 671 819 646 24 1624
-828 -779 -1408 812 1054 1392 1760 605 85 -211 -28 -840 524 -749 90 -551 -1650 -1590 -568 1094 -167 -675 880 78 5 -426 448 -109 1298 273 739 -104 -628 -388 -521 -1841 -776
581 202 1159 1865 2343 864 2607 2220 1652 849 -941 157 -2252 -1624 -714 -1717 -1786 -787 -1495 -454 -652 -123 -245 -646 -238 -376 280 -880 135 607 -442 369 201 -1015 -1422 -394 -228
360 1400 2260 2447 892 1199 1077 -19 -66 1694 1269 856 89 377 -377 -525 1794 1146 2581 2149 1775 2000 1018 28 -943 -1665 -1240 -1129 -2160 -1525 -658 876 -152 -1115 -810 1029 220
1842 2190 454 551 2477 2493 2640 1959 1859 1738 2331 1002 519 1682 295 -263 1151 515 2342 867 1355 -734 -1058 -1162 -1713 -1367 -1640 -173 -865 -1358 -439 432 1617 1375 1997 1737 1188
1945 2022 2897 1610 505 72 579 491 1291 -83 863 -188 -1139 -2196 -1033 -687 -1385 377 884 892 833 450 529 1088 777 1689 1373 2577 1667 1214 348 366 1354 932 713 1618 1927
400 963 1115 197 -1501 -501 -102 -837 -707 -1246 -2350 -1184 799 556 1746 3776 3513 3871 1567 2550 1160 2143 3246 3532 2619 2767 2512 648 -1148 -583 -1116 -649 -2565 -924 1096 1085 304
581 -466 -1360 -1061 -345 -1827 -2267 -1016 -737 -687 -435 1504 2522 3658 4463 4468 3888 2516 -239 -178 1458 1124 2210 1575 1190 -224 -785 -2707 -2680 -2267 -2193 -1732 -558 -296 570 44 -463
985 -402 469 993 103 17 -205 -724 -726 -838 1203 1497 1067 519 -86 -2037 -1459 -1943 172 -1110 309 -5 277 -732 -906 -1216 -1323 332 1371 1749 2366 3497 3738 4412 2004 2332 2700
616 952 1975 2369 1471 2376 2703 1753 1088 -366 -1721 -2852 -2840 -3886 -3764 -3111 -2880 -1784 -1424 271 -848 -913 -619 -560 450 1536 328 2344 4022 5565 5980 4366 2908 2124 3008 665 1322
-498 1408 1279 1343 1132 729 1173 761 558 829 -922 -1398 -1950 -1410 -760 908 1044 1935 786 2129 504 583 -642 -991 5 -245 1228 1854 1916 1996 1325 331 -619 -1693 -1482 -816 -1722
-1864 -732 -1493 259 886 652 1074 477 542 697 1364 1323 2022 3527 2835 1673 2012 1871 2957 28 -283 1314 247 -543 532 595 2305 1288 -1950 -1811 -2602 -2300 -2399 -1742 -2345 -822 -1954
1749 -554 -676 -834 982 -308 -1135 27 1944 2255 1966 1881 3751 3775 2402 2092 1267 -865 -254 -1705 -1108 634 444 444 -110 276 211 -682 -432 -723 -559 -1358 -1012 -261 1170 835 1783
575 -349 -360 -1450 -1941 -1744 -524 367 675 2410 3976 3065 2343 1557 -117 -524 -1175 -1250 -2829 -2208 -1500 -2565 -866 -339 270 340 711 183 2241 1132 1250 2515 1466 1347 504 1975 2327
-913 478 1511 218 -325 1210 1472 727 -298 475 542 1759 -539 -1943 -1004 -2707 -3132 -2333 -2613 -1833 -1300 -1345 47 1155 330 1701 96 526 -450 756 -47 1076 1525 1181 35 -1112 -2402
2073 2185 1530 350 1834 2672 2000 1328 1054 -303 -1344 -1286 -959 -1347 -432 67 967 1220 3163 3735 2240 2259 1432 2076 -647 -945 -1822 -758 787 606 -1480 -1454 -1137 -285 80 -1165 -146
1865 1659 1379 2059 1394 25 512 1999 1269 1383 2326 143 1116 1880 1346 1148 1261 3045 2988 3357 1413 322 -226 436 443 -288 1870 542 1611 648 647 556 -393 -499 -1169 1105 3436
-670 -446 -864 -630 -591 -1134 243 -87 -862 -601 -936 -1859 -1921 237 -828 477 -748 -345 -1896 -1080 1523 1649 5 -420 402 885 2048 1251 -1437 46 1859 3165 2444 3321 2551 2852 937
-1378 -401 -356 -799 430 383 -839 -1769 -1639 -1428 -816 842 238 869 2087 3472 4264 2432 2074 581 2276 1778 684 -337 693 643 -634 1618 1966 2006 3067 1322 3315 2882 3934 2718 -730
2391 768 2481 1663 1087 2542 622 1100 1881 2290 2386 5287 6225 4113 4431 3594 2716 2012 2263 1367 -2163 -1619 -95 -50 1474 956 486 110 1181 2319 2634 -97 386 -283 -475 -528 677
147 -489 -456 -670 -1626 -716 395 1552 1389 1989 1456 1257 1537 2721 578 -709 -2285 -2701 -1999 -145 -12 1030 1853 2110 1960 2378 2076 719 115 1007 -607 1650 -1 2014 778 -834 19
-2042 -1426 -2334 -1451 485 -1213 -134 243 1679 915 2071 -950 -1895 -2082 -952 -1228 -536 -24 515 1026 2846 2728 1298 2649 484 1057 -859 536 1126 -100 -1007 524 33 1539 -395 -227 -1383
1019 744 547 2610 3140 2830 2778 1521 390 -207 -1233 -1449 -625 -1093 -157 1149 2136 3135 2221 2807 1793 566 1051 1255 979 -77 -1235 -1326 -625 -2198 457 -328 1542 -753 -1472 -459 67
1015 2155 2409 1459 -633 -608 -1783 -1060 -2436 -1409 -953 1486 1425 3406 3972 4013 3745 2905 1770 3527 2474 1280 1606 -162 758 334 582 1800 1897 2134 1866 694 877 -236 518 765 -116
1126 222 1151 -270 -246 364 -804 -135 889 2097 3997 4567 2533 1143 2924 458 -40 -1905 -662 -1496 -1250 -1344 -2162 -776 1033 2217 2596 2721 1610 3069 431 78 -476 1297 2733 1776 1790
2165 1928 803 1441 2939 2897 4762 2711 4078 3309 2048 -543 -1836 -3743 -3692 -2936 -3405 -2847 -1592 -2972 -1351 1267 1411 1759 23 672 352 -532 -2099 -1107 185 1910 913 1452 2978 2152 3748
1848 1972 1509 2544 3046 4263 4205 3130 1583 -266 -3379 -3599 -2478 -1393 -3645 -1156 1310 3771 2087 2385 1489 3068 1982 573 -978 12 -68 -867 668 1438 2930 3626 2819 1254 -575 1777 1827
-1327 -504 1175 2038 610 -507 -1956 -241 -2755 -3351 -2127 -160 1828 2962 1265 1032 593 -493 -2114 -1935 -1659 -3596 -3702 -1989 -2092 -1367 68 1980 2164 1284 43 1444 2510 1476 -316 -895 -1098
