3517 4272 3742 3960 3841 3107 3753 3560 3571 3354 3915 3581 4260 4186 4361 4256 4566 4442 4643 4371 4354 4643 4025 4337 3654 4306 3558 4285 3386 3518 3544 3474 3710 3142 3936 3677 4073
4304 3602 4483 3750 4011 3894 3832 3660 4014 4079 3530 4440 3772 4755 4269 4765 4138 4776 4249 4543 4591 4267 4286 4112 4488 3747 4012 3552 3829 3429 3325 3285 3114 3766 3692 3620 3995
4066 4623 3823 4556 4040 3892 3854 4116 3606 3610 4311 3765 4474 4171 4466 4318 4799 4279 4891 4588 4812 4558 4374 4500 3974 4136 3747 4028 3579 3578 3525 3819 3722 3573 3926 4349 4103
4803 4002 4964 3950 4561 4361 4402 3769 4380 3980 3645 4169 4090 4287 4488 4278 4558 4421 4962 4354 4752 4342 4454 4080 4578 3994 4079 3807 4063 3599 4103 3501 3824 3843 4241 3963 4524
4080 4463 3497 4961 3948 4307 3851 4227 3558 3875 3939 3831 4182 4290 4081 4132 4526 4241 4139 4382 4303 4331 4005 4304 4022 4058 3669 3944 3444 4189 3350 4089 3397 3744 3633 4184 4058
4275 3507 4948 3322 4776 3730 4475 3521 4368 3675 3645 3991 3701 4070 3996 3899 4267 4356 4435 4034 4208 4258 4065 4009 4115 3947 3715 3867 3916 3494 3681 2993 3577 3400 3893 3520 3888
3888 4726 3321 5420 3692 4743 3527 4529 3395 4137 3560 3941 3842 4356 3815 4398 4105 4355 3977 4290 4233 4033 4167 3685 4026 3482 3600 3587 3692 3902 3326 3775 3386 3611 3625 3764 4071
4315 3543 4915 3382 4897 3569 4494 3697 4380 3508 3580 3781 3848 3735 4069 3545 4420 3822 4465 3628 4042 4047 3818 4197 3588 4190 3500 4236 3875 3691 3695 3264 3653 3622 3723 3808 3851
3810 4973 3575 5024 3769 4295 4034 3785 3937 3672 3753 3615 3678 3880 3687 4163 3434 4094 3407 4183 3803 4036 3919 3521 4074 3446 3590 3470 3734 3910 3477 3589 3717 3593 4094 3463 4438
4418 3325 4947 3638 4766 3965 4240 4299 3912 3871 3392 3695 3447 3619 3777 3390 3751 3545 3931 3608 3588 3754 3663 3874 3405 3836 3644 3563 3993 3125 3485 3195 3505 3576 3250 4204 3296
3481 4832 3541 4831 3857 4199 4122 3773 4003 3521 3993 3180 3673 3493 3669 3620 3478 3496 3763 3618 4005 3625 3894 3179 3753 3298 3409 3396 3284 3658 3238 3319 3395 3257 3959 3082 4221
4726 3595 4973 4041 4762 4304 4171 4709 3831 4054 3069 3700 3333 3500 3566 3450 3600 3561 3658 3633 3503 3745 3372 3792 2954 3641 3249 3737 3375 3525 3212 3933 3323 4310 3286 4537 3372
3896 4897 4028 4341 4292 4073 4159 3932 4305 3484 4183 3234 3615 3527 3370 3835 3580 3663 3901 3793 4131 3622 3898 3172 3838 3235 3620 3223 3703 3377 3991 3285 4046 3610 4431 3416 4466
4405 3847 4270 4620 4135 4336 3892 4531 3865 4064 3458 3648 3961 3696 3849 3523 3783 3971 3761 4085 3565 3921 3406 3919 2987 3857 3278 3599 3400 3722 3127 4260 3481 4512 3640 4339 3582
4117 4381 4481 3966 4460 3990 4132 3968 3873 3794 3578 3713 3351 3866 3239 3797 3658 3500 4064 3574 4222 3645 3625 3275 3799 3189 3588 3160 3660 3302 3924 3187 4018 4024 4191 3858 4422
3787 3891 3794 4344 3861 3717 3706 3719 3860 3450 3634 3405 4168 3751 3645 3670 3895 4332 3741 4303 3802 3907 3667 3977 3374 3989 3354 3812 3431 4058 3291 4253 3534 4264 4141 3882 3968
3982 3941 4141 3762 4138 3835 3571 3717 3321 3866 3617 3863 3564 4278 3462 4299 4020 3850 4099 3777 4326 3295 3859 3303 4220 2968 4050 3273 4397 3266 4526 3254 4600 3960 4249 4073 4145
3514 3992 3732 4290 3627 3452 3904 3211 4158 3383 4218 3244 4544 3483 3837 3520 4091 4187 3710 4028 3514 3793 3471 3896 3264 4195 3464 4288 3772 4412 3689 4664 3796 4474 4535 4003 4129
3832 3571 4130 3660 3933 3787 3378 3885 3124 4233 3209 4337 3280 4429 3456 4278 3657 3859 3749 3812 3921 3465 3473 3820 3964 3748 4037 4246 4322 4480 4434 4069 4672 4416 4189 4365 3879
3487 3759 3653 3995 3505 3387 4003 3398 4313 3449 4496 3240 4677 3491 3974 3434 4132 3667 3700 3597 3546 3304 3690 3548 3781 3930 4066 4195 4346 4260 4131 4393 3948 4236 4023 4049 3752
3301 3338 3745 3376 3808 3618 3495 3712 3640 4327 3759 4338 3984 4357 4019 4115 3998 3732 3645 3726 3559 3476 3386 4061 3708 4123 3769 4463 4081 4620 4008 4274 4170 4121 3867 3658 3607
3545 3504 3576 3898 3074 3695 3796 3815 4298 4085 4316 4104 4591 3854 4106 4016 3895 3708 3401 3618 3621 3276 3542 3591 3893 3764 4093 3929 4380 3915 4417 4046 4195 3951 3964 3992 3659
3531 3689 3690 3410 3829 3643 3885 4102 4062 4436 3983 4392 4013 4687 3874 3970 3823 3712 3288 3581 3452 3038 3507 3681 3586 4047 3629 4564 3751 4933 3824 4753 4024 4379 3779 3846 3679
3761 3896 3422 3961 3187 3936 4015 4032 4303 4062 4222 4083 4372 3890 3987 3982 3718 3529 3749 3529 4082 3362 3817 3495 4257 3669 4330 3823 4516 4062 4694 3999 4636 3962 4048 3749 3839
3899 3555 4115 3464 4018 3626 4153 4090 4142 4222 3909 4107 4237 4697 4086 4038 4132 4106 3769 4457 3639 3890 3756 3893 3832 3958 3836 4152 3871 4248 3913 4344 3737 4449 3573 3909 3727
3443 4158 3390 3745 3303 3784 4056 3881 4083 4195 4197 4411 4288 4572 4336 4706 4198 4444 4213 4087 4701 3859 4183 3838 4425 3841 4321 3900 4053 3971 4418 3736 4731 3543 4369 3649 4182
4472 3446 4233 3374 3853 3398 3887 3868 3869 4158 3782 4111 4145 4596 4322 4182 4266 4238 3966 4466 4009 4304 3914 4045 3917 4177 3980 4323 4087 4531 4126 4761 4069 4841 3869 4577 3849
3598 4349 3703 3733 3661 3596 4028 3582 3955 3619 4206 3695 4219 4093 4615 4164 4457 4149 4603 4028 4753 4132 4302 3987 4448 4066 4129 4203 4210 4417 4444 4312 4710 4256 4581 3947 4377
4313 3608 4164 4028 3531 3923 3847 4024 3753 4115 3846 3948 4286 4388 4656 4372 4327 4786 4169 4898 4048 4764 3792 4549 3970 4213 4402 3831 4789 4114 4568 4361 4278 4474 4097 4350 4118
3546 4271 3791 3816 4000 3715 4162 4011 3857 3621 4069 3703 3810 4268 4126 4307 4238 4396 4462 4426 4824 4384 4277 4294 4101 4430 3699 4825 3489 4818 3438 4556 3796 4514 3930 3997 4046
3833 3788 3970 3957 3515 3819 3697 3710 3755 4074 3804 3655 4196 3688 4877 3912 4626 4241 4523 4498 4564 4689 4247 4351 4224 3970 4570 3623 4784 3761 4658 3828 4544 3728 4414 3965 4179
3898 4025 3942 4005 4084 3923 3850 4122 3557 3818 3694 3863 3629 4425 3588 4668 3682 4555 4058 4372 4198 4443 4252 3836 4327 4140 3833 4372 3836 4325 3356 4454 3514 4537 3721 4173 4019
3702 4123 4123 4036 3733 4070 3548 3919 3514 3823 3558 3832 3703 3673 4422 3656 4198 3888 4497 3722 4474 4209 4093 3949 4103 3985 4489 3675 4410 3628 4424 3395 4360 3474 4376 3855 4272
4411 3715 4289 3867 4368 3718 4335 3748 3884 3450 3855 3618 3907 3860 3502 4279 3448 4408 3901 4296 3771 4437 3880 4036 3893 4349 3463 4509 3649 4354 3097 4436 3123 4707 3291 4542 3645
3870 4470 4170 4418 4138 4554 3641 4381 3317 3954 3114 3816 3491 3285 3800 2863 3939 3081 4160 3358 4087 3711 4044 3757 4030 3607 4327 3102 4444 2858 4533 2703 4618 2974 4449 3543 4511
4396 3662 4221 3807 4277 3633 4204 3428 3859 3001 3398 3174 3366 3344 2962 3881 3071 4497 3416 4365 3430 4341 3749 3846 3738 4122 3444 4450 3452 4231 2940 4345 2875 4660 3148 4393 3651
3737 4424 3989 4294 3867 4053 3319 4033 3067 3487 3383 3513 3529 3207 4089 3059 4151 3379 4372 3273 4208 3465 4023 3733 3791 3612 3837 3317 3995 3462 3897 3141 4203 3263 4229 3532 4257
4036 3678 4122 3460 4130 3014 4192 3045 4071 2865 3774 3196 3945 3285 3680 3722 3458 3961 3750 3824 3298 4100 3696 3556 3642 3959 3346 4068 3625 3543 3237 3423 3110 3889 3444 3937 3742
3646 4129 3553 4414 3158 3998 2870 4098 2930 3846 2854 3936 3380 3883 3856 4017 4027 4044 4151 3785 4331 3854 4142 4023 4092 3813 3879 3485 3860 3418 3539 3339 3600 3479 3693 3472 3980
4023 4178 4058 3619 4152 3214 4061 3458 4022 3109 4083 3460 4110 3711 3909 3922 3854 4150 3995 4142 3774 4343 3773 3981 3473 4197 3157 4046 3010 3541 3184 3546 3136 3809 3569 4086 4018
4145 3727 4142 4017 3506 3937 3170 3831 3118 4011 2902 4002 3450 4062 3961 4147 4023 4179 4265 4191 4413 4135 4275 4179 4368 3687 3995 3353 3782 3112 3386 3318 3340 3494 3604 3640 3980
