1605 1445 1410 1317 1018 1143 1203 1095 1411 1156 1339 1308 1460 1251 1548 1629 1754 1590 1843 1530 1343 1189 1487 1740 1603 1241 1059 1422 1233 769 414 715 1045 1233 1460 1439 1684
1572 1834 1709 1518 1379 1116 1260 1271 1041 1314 1263 1268 1054 1195 1363 1605 1632 1532 1587 1423 1262 1229 1680 1994 1754 1167 1052 1400 1365 940 572 873 1264 1488 1542 1468 1362
1431 1900 1824 1457 1150 1342 1155 903 1042 1271 1509 1358 1300 1331 1326 1403 1393 1243 1425 1347 1444 1244 1315 1575 1487 1259 846 1308 1319 1288 1121 1289 1273 1442 1283 949 1147
1474 1734 1563 1291 1485 1348 1456 1030 1039 1420 1510 1424 1198 1286 1379 1541 1466 1466 1523 1710 1771 1501 1298 1354 1564 1283 1110 1251 1341 1526 1467 1156 1086 947 938 714 1052
1644 1466 1472 1637 1528 1446 1218 1261 1376 1402 1382 1488 1128 1286 1417 1667 1645 1585 1593 1659 1799 1502 1047 1114 1154 1180 1129 1179 1198 1412 1489 1331 1184 1234 1124 1021 1310
1570 1333 1416 1607 1769 1097 1090 1273 1524 1383 1287 1285 1328 1165 1109 1333 1707 1489 1291 1450 1875 1629 1176 919 1179 1600 1447 1296 1188 1267 1228 1180 1399 1340 1314 1186 1332
1355 1455 1541 1584 1569 1206 929 1133 1162 1037 896 1269 1499 1320 987 1273 1527 1301 907 1150 1732 1788 1108 852 1240 1463 1372 1106 1298 1212 999 1104 1336 1499 1023 949 1153
1385 1128 1545 1488 1418 1160 1397 1240 1127 1185 939 1254 1374 1370 1087 1176 1545 1279 1034 1062 1416 1373 985 1041 1392 1520 1249 1084 973 985 895 794 1086 828 623 816 976
1374 1489 1552 1551 1341 1270 1035 1317 1168 1003 1027 1006 1081 1010 958 1162 1272 1554 1370 1152 1132 952 1003 1040 1429 1335 1097 902 910 867 957 1112 903 851 780 1091 1416
1509 1373 1403 1372 1571 1270 1348 1215 1238 1237 1107 1445 969 903 981 1175 1439 1418 1600 1402 973 838 752 1117 1448 1535 1346 1276 1293 1240 1246 1264 1033 914 1145 1430 1225
1390 1574 1513 1490 1496 1383 1331 1116 997 1152 1509 1445 1210 977 943 1266 1067 1311 1371 1355 1119 1039 1263 1171 1206 1326 1220 1156 1292 1489 1412 1396 1074 1009 1267 1330 1511
1311 1230 1473 1563 1608 1747 1476 1225 1161 1284 1541 1448 1127 976 1019 1054 975 1158 1263 1013 1039 1482 1402 1076 1092 1122 1022 876 1077 1305 1469 1242 1117 1077 1010 1232 1200
1258 1432 1305 1576 1729 1412 1456 1152 1371 1218 1255 1165 1040 873 831 922 1078 1221 1085 1034 1386 1586 1430 947 824 925 778 744 951 1120 1184 1131 1184 1199 1182 924 1209
1439 1210 1153 1539 1865 1648 1388 1496 1279 1150 1114 926 1083 902 732 1021 1253 1151 987 1366 1522 1300 1028 973 893 859 842 973 1094 1244 1054 1200 1195 1435 1293 970 1010
1752 1398 1002 1330 1518 1465 1332 1285 1538 1168 1046 1011 1229 1026 1020 1166 1432 1291 1273 1601 1765 1167 1048 1091 1026 741 710 871 1235 1274 1200 1043 1219 1350 1247 1154 1370
1838 1504 1123 1209 1417 1287 1178 1320 1365 1306 1303 1019 1272 1117 1202 1300 1615 1284 1210 1457 1496 1397 1101 1324 1173 980 627 852 1057 1528 1249 1353 1314 1489 1107 1346 1763
1816 1276 1195 1172 1100 1060 1069 1153 1135 1329 1139 990 1160 1314 1422 1509 1693 1368 1111 1064 1278 1329 1426 1499 1403 1317 906 884 1239 1292 1337 1562 1452 1255 982 1367 1626
1584 1323 1041 1007 1043 1191 1044 814 1179 1147 1067 872 1172 1277 1732 1722 1614 1234 1045 952 1030 1226 1316 1595 1627 1396 1294 1329 1172 1285 1259 1612 1667 1442 958 1174 1667
1465 1179 1036 828 985 1226 1285 1054 920 1074 777 897 1219 1735 1807 1748 1499 1015 856 1064 1249 1013 1300 1453 1301 1198 1267 1431 1415 1164 1258 1576 1601 1274 922 1084 1333
1172 1246 1044 827 881 1185 1486 1210 1163 990 1070 993 1423 1660 1505 1426 1212 820 882 1182 1328 1109 1060 1041 1020 951 1254 1533 1564 1509 1539 1933 1695 1232 1063 1211 1252
1223 1121 1145 1164 1344 1436 1631 1406 1276 1090 1008 1349 1360 1146 891 1120 947 870 906 1077 1097 1031 1015 783 908 955 1143 1760 1708 1708 1860 1941 1736 1279 1129 1052 1385
1240 861 875 1137 1374 1358 1426 1465 1556 1285 1479 1428 1374 1016 806 1194 1200 1201 1127 1145 1204 912 1006 1033 981 1067 1352 1710 1776 1587 1515 1484 1396 1133 905 1039 1298
1024 951 967 1082 1278 1081 1396 1277 1493 1506 1601 1729 1639 1353 1214 1369 1517 1307 1134 1291 1109 945 923 1191 1244 1177 1229 1514 1346 1582 1091 1187 1151 982 1052 1216 1326
928 918 1089 1082 972 893 958 1179 1393 1502 1892 1953 1969 1565 1210 1422 1377 1227 1086 1208 1168 995 1207 1397 1419 1370 1112 1189 1185 1101 1096 956 1174 1129 1142 1364 1213
1068 935 1202 1299 1299 1019 832 810 1311 1547 1697 1858 1864 1515 1219 1246 1398 1235 922 902 1063 1201 1262 1313 1186 1300 1408 1446 1217 1413 1146 1586 1384 1596 1631 1655 1378
986 952 1135 1584 1474 1170 747 906 1406 1551 1480 1160 1259 1371 1162 1048 1403 1439 979 972 1278 1486 1504 1213 908 1186 1363 1519 1285 1385 1354 1387 1339 1449 1396 1530 1428
1286 1053 1330 1671 1542 1227 1046 1170 1293 1456 1116 1034 1038 1275 1336 1291 1526 1698 1332 1431 1543 1738 1489 1252 921 975 1377 1346 1287 1560 1640 1731 1499 1443 1084 1486 1359
1103 1128 1375 1404 1344 1462 1405 1176 1091 1169 1082 1050 1183 1446 1155 1472 1712 1835 1685 1570 1615 1539 1722 1504 1334 1110 1194 1206 1126 1323 1381 1761 1508 1437 1231 1218 1306
1283 1170 1153 965 1263 1452 1470 1300 911 1094 1121 1376 1371 1597 1404 1432 1580 1922 1740 1403 1144 1285 1385 1602 1666 1285 1228 1361 1437 1302 1393 1646 1848 1885 1411 1508 1274
1244 871 987 1050 1259 1201 1281 1035 880 1017 1135 1481 1331 1566 1536 1317 1320 1892 1846 1240 1069 1155 1370 1519 1729 1348 1272 1312 1372 1196 1281 1796 1871 1706 1363 1302 1279
1259 1113 1406 1423 1424 1289 1198 1145 964 1233 1492 1531 1437 1612 1594 1468 1406 1645 1499 1193 1056 1460 1422 1401 1512 1482 1370 1232 1200 988 1404 1745 1744 1462 1089 1246 1324
1099 884 1338 1445 1399 1439 1344 999 1160 1398 1390 1390 1191 1162 1275 1509 1571 1515 1118 1163 1199 1478 1497 1564 1415 1542 1354 1310 957 1232 1175 1346 1126 1220 1118 1254 1124
1256 1258 1255 1110 1256 1218 1358 1431 1377 1416 1280 930 1052 865 1047 1130 1544 1384 1234 1291 1320 1400 1346 1612 1390 1395 1370 1152 1271 1138 1302 1090 1022 1130 1333 1297 1326
1452 1576 1312 1158 1063 1262 1234 1426 1495 1137 956 664 676 913 982 1162 1165 1561 1411 1500 1276 1425 1219 1258 1302 1423 1139 1087 1167 1402 1025 1066 985 1030 1104 1348 1314
1793 1936 1572 1385 1129 1200 1232 1284 1296 1330 921 826 845 979 1509 1411 1339 1486 1661 1324 1188 1324 1156 1128 1310 1520 1031 1236 1436 1382 1243 1126 1192 1001 1055 1141 1552
1756 1597 1468 1399 1214 1156 1039 1264 1455 1235 1341 984 779 796 1318 1379 1170 1344 1335 1230 960 1003 828 1166 1347 1349 1192 1404 1557 1429 1000 1129 1155 1166 932 1245 1671
1624 1580 1378 1459 1212 1202 943 1409 1448 1507 1149 1187 702 555 981 1188 1056 967 1208 1284 1146 933 724 1191 1450 1466 1128 1261 1407 1211 1046 958 1450 1427 1263 1161 1560
1482 1398 1199 1231 1362 1316 1302 1239 1313 1373 1217 857 555 517 1004 1330 1051 965 1200 1528 1446 1091 643 1020 1260 1443 1136 1172 1218 1289 832 822 905 1377 1406 1246 1212
1344 1272 1026 1127 1229 1399 1162 902 679 1101 1305 1043 693 807 1398 1339 1379 1195 1318 1459 1491 1194 962 883 1189 1320 1257 1269 1242 1233 1287 786 771 897 1068 1196 1370
1464 971 771 784 875 850 831 708 716 1021 1477 1486 1275 1291 1364 1243 1363 1362 1434 1295 1510 1275 892 912 1038 1395 1527 1250 1087 1125 1054 914 772 578 828 1004 1609
1592 1313 940 1024 987 863 879 916 961 1126 1235 1467 1599 1203 1262 1352 1583 1590 1641 1373 1445 1352 1376 1276 1574 1513 1294 1356 1071 806 696 875 726 811 809 1308 1685
