363 288 252 267 438 373 368 382 191 48 176 105 -26 221 201 493 582 831 340 441 69 376 506 551 473 59 370 231 539 126 151 -332 245 -18 568 421 413
376 308 643 272 166 220 36 304 192 674 94 535 138 454 328 463 179 324 148 279 -7 121 227 286 453 -34 398 -83 533 -219 273 -164 568 551 458 289 181
366 518 279 421 144 155 151 83 319 -164 649 -56 491 -185 292 17 278 250 211 262 273 458 390 644 254 472 272 206 198 250 205 322 163 331 -34 241 72
441 294 562 164 498 292 361 21 210 90 448 207 500 186 502 395 184 491 151 713 181 257 140 42 283 -71 268 -65 622 417 525 270 222 287 -23 200 -27
408 337 113 435 -46 664 -96 733 30 740 228 351 111 219 259 345 446 248 283 481 355 382 286 199 331 347 447 101 296 173 160 316 53 151 -192 446 146
16 459 363 520 280 258 67 97 304 163 254 12 409 -120 415 74 519 207 503 101 464 250 333 33 136 172 148 290 99 274 282 370 472 354 546 190 538
-84 555 24 573 202 272 275 146 317 209 498 279 331 335 115 422 32 387 -55 544 358 410 69 61 264 377 657 388 336 215 55 280 107 312 329 -73 430
315 452 474 203 333 177 290 111 291 -281 84 284 316 394 229 451 82 272 -28 136 187 518 432 400 62 297 -12 244 110 108 232 156 364 11 92 -14 -4
37 478 -217 741 -54 630 74 401 452 239 565 -192 400 -50 222 213 376 462 493 297 178 -284 37 121 464 453 348 97 -26 194 181 284 -10 21 158 201 526
475 347 674 198 359 -70 319 19 181 257 186 269 179 -18 267 -221 605 94 514 297 164 372 -23 470 54 319 261 271 230 225 300 113 348 308 219 239 397
-58 209 50 237 344 561 393 250 151 85 444 264 427 156 315 356 190 474 157 297 175 103 53 162 480 303 417 346 418 394 500 137 278 -40 461 -11 448
711 286 420 547 150 476 -231 403 27 482 426 275 345 130 132 -25 264 189 220 224 385 198 497 285 228 -81 140 -115 195 112 468 276 174 136 -23 583 109
16 235 228 286 507 452 520 281 135 303 103 361 56 117 130 91 424 16 202 5 400 337 352 316 37 292 -18 408 -58 386 62 376 232 433 172 96 87
281 88 496 162 200 348 2 447 85 578 -185 450 27 209 237 243 226 313 311 444 171 555 12 207 -9 214 65 377 123 438 41 339 104 388 11 400 158
149 387 166 408 494 508 520 151 223 198 233 336 62 196 141 122 168 128 334 364 227 261 189 5 425 -95 417 -271 682 -183 695 -206 710 43 495 103 487
297 479 94 -7 18 62 345 319 396 358 -13 360 52 436 195 479 214 469 273 440 252 528 271 328 182 90 -33 135 307 306 307 201 243 -75 365 63 608
489 221 456 153 418 239 -51 185 106 573 69 705 -270 514 -127 837 11 426 135 -8 422 -43 557 67 550 91 261 70 87 217 596 288 524 139 296 306 415
155 485 -14 297 227 210 408 206 357 -178 331 -168 295 389 297 446 240 408 7 70 123 20 620 247 571 249 300 239 201 193 241 281 481 -42 406 -90 402
502 267 57 -57 66 254 2 295 142 363 179 189 95 230 655 606 327 235 183 323 109 453 46 354 229 380 348 269 439 -27 410 146 573 221 188 224 327
244 261 226 384 182 429 346 421 174 -143 7 145 614 316 718 108 168 -3 -14 307 -74 746 -110 466 -176 176 108 216 276 336 425 412 138 351 80 211 155
346 211 104 25 56 315 121 670 52 556 87 466 41 295 177 9 151 200 171 381 328 238 57 195 33 231 347 359 389 504 447 494 523 276 116 221 152
472 68 252 401 376 713 168 324 40 260 355 280 306 -95 139 26 485 173 418 -99 294 13 378 -37 311 -49 518 158 685 211 461 388 250 346 -50 548 95
53 201 -31 225 18 218 189 474 358 457 238 353 389 213 605 49 437 157 366 367 70 421 82 260 247 196 310 253 401 223 88 82 -114 91 192 90 282
262 311 27 406 -123 439 -155 416 -26 512 332 679 325 379 212 415 208 351 199 282 130 229 -44 347 362 297 402 -120 592 -156 757 41 505 172 467 322 300
181 73 407 326 428 80 32 159 26 440 360 699 316 438 -20 83 177 192 268 -81 171 286 516 370 392 140 291 159 166 142 4 295 116 428 240 318 160
83 54 122 241 492 170 191 64 324 333 325 204 309 186 456 478 364 75 310 -6 388 192 355 -196 184 107 565 361 698 94 627 43 650 111 792 280 458
331 32 575 180 545 18 163 171 385 483 153 26 78 -4 122 192 338 341 318 378 222 449 499 210 323 -36 242 -73 577 -108 680 -40 509 -249 325 149 202
105 561 213 349 393 304 378 178 340 -176 382 235 432 237 421 294 328 266 558 146 591 375 386 267 59 383 -19 378 10 371 480 450 735 -42 522 -204 476
78 99 -151 358 79 545 309 228 227 -19 377 -27 578 -25 544 118 706 337 484 300 -63 309 -10 842 5 727 15 423 199 169 162 109 390 490 528 371 175
259 580 -35 303 -68 337 283 184 407 -11 515 -26 689 70 380 -122 485 186 444 282 6 6 260 467 284 260 270 203 348 264 363 295 538 335 271 216 440
-153 305 -52 625 285 484 29 -48 91 28 334 194 521 336 312 357 257 407 244 481 377 239 364 213 308 243 413 106 -22 115 495 452 660 81 322 -49 322
208 544 342 322 444 177 321 332 345 379 391 490 47 417 217 576 438 259 174 -189 363 45 604 175 430 436 88 631 -125 449 -163 293 266 167 466 111 306
-94 42 -2 143 341 332 234 222 188 343 172 248 18 -178 155 -2 500 -20 710 -221 501 -25 637 47 642 -31 539 -229 772 -17 687 -245 331 -212 493 196 539
600 476 241 372 -264 228 200 543 353 351 -82 229 -44 640 -128 524 -55 493 343 543 473 233 273 90 384 129 351 198 149 129 262 533 125 655 -60 359 94
584 290 600 160 505 117 380 275 294 332 152 81 -102 143 387 167 639 119 304 62 344 -20 246 339 201 265 196 318 180 360 182 -68 -47 152 43 423 171
699 115 644 -184 647 -244 515 -220 433 64 464 -23 400 157 339 274 467 278 303 365 164 71 365 123 521 -6 506 145 460 381 440 476 309 71 74 175 246
139 397 222 191 155 80 141 554 212 773 112 437 -272 382 -147 216 168 172 291 221 390 -188 277 -194 531 6 669 88 532 -96 224 -197 569 -6 799 0 554
302 379 512 332 423 201 448 -36 565 42 527 -24 -51 105 -15 402 68 249 111 216 406 31 355 177 546 323 151 160 -96 458 -144 495 -91 642 6 394 95
324 87 -110 192 143 448 350 41 349 -93 456 -211 337 -24 533 355 405 158 467 480 620 168 180 -140 83 158 427 308 585 296 314 32 -11 171 57 556 193
486 204 345 25 365 200 96 -94 10 250 279 591 224 365 -138 514 190 462 31 332 -177 488 -16 402 85 417 240 218 314 94 376 186 203 -148 119 293 321
534 186 196 -48 -39 22 -80 369 -12 574 67 754 116 751 -58 358 -243 549 -93 806 174 358 2 216 243 421 482 231 -95 181 -44 328 46 287 -165 370 270
