49227 49344 49265 47847 45932 43856 43496 43305 43287 44308 44817 46202 47258 49231 50257 52536 52184 53756 53710 53822 53511 52446 50338 50134 49632 48077 46208 44880 42930 39989 39733 39445 38978 40695 42940 45366 48061
50634 50104 49695 48584 46689 44799 44016 43592 43694 44647 45720 47338 48461 50668 51390 53389 53591 54672 54577 54521 54121 52447 49957 49355 48864 47324 46141 45353 43863 41553 41681 41534 41102 42442 45171 47288 49769
51406 51196 51048 50240 48436 46547 45388 44704 45289 45944 46877 48407 49293 50802 50779 52249 52962 53680 53969 53943 53996 52915 50725 50543 50370 48587 47428 46455 44748 42766 42442 42425 42163 43156 45855 47493 49999
51214 51306 51567 51500 49774 48097 46839 45733 45950 45825 46442 47939 49292 51018 50797 52077 53414 53795 54110 53912 54141 53226 51090 50558 50125 47817 46528 45883 44511 43136 42820 42514 42540 43263 45426 46484 49077
50904 51486 52207 53181 51760 50349 48817 47642 47062 46002 46020 46930 47945 49651 49935 51297 53599 53981 53760 52827 52501 51529 49887 49737 49524 47183 45826 45461 44520 43563 42733 41795 42208 43066 44872 45719 48653
51088 51843 51964 52774 51009 48985 47227 46322 46026 45216 45228 46035 46764 47730 47663 48207 50891 51177 51013 50322 50076 49362 47615 47548 47640 45753 44355 44543 44547 44121 43257 42401 43120 43584 44901 45590 48467
48740 49935 50603 51959 50818 49305 47416 46302 45738 44715 44348 45107 45987 46519 46841 47498 50112 50555 50202 49747 49362 48869 47439 47447 47945 46879 45449 45982 46327 45457 43695 41957 42031 41708 42582 43298 46358
49078 50673 51437 52623 51322 49513 47756 46660 45919 45276 44762 45239 45719 45928 46597 46815 48732 49089 48775 48355 47799 47254 45547 44858 45175 44368 43253 43920 44722 43914 42421 41136 41526 41466 42502 43732 46954
48275 50467 51221 52533 51614 50157 48759 47585 46480 45093 43821 43834 43569 43332 44482 44463 45792 46162 46510 46293 46487 46777 45548 44349 44566 44191 42954 43272 43684 42431 40995 40620 41495 41599 42687 43691 46350
48419 50744 51301 52328 51480 49511 48035 46965 45506 43839 42699 42224 42233 42114 43145 43422 44132 44705 45541 45415 45473 45511 44342 42735 42801 43120 42211 42784 43512 42591 41645 41927 42575 42781 43756 44506 46456
47958 50658 51459 52931 52440 51007 49874 48837 47122 44971 43418 42662 42105 41865 42284 42502 42673 43388 44738 44663 44664 44681 43647 42162 42138 42626 42138 42328 42978 42097 41505 41677 42124 42455 43122 43703 45659
49067 51064 51279 52324 51935 50602 49697 49333 47127 44742 43026 41859 41454 41544 41751 42634 42950 44091 45590 45388 45340 44769 43473 41508 40587 40394 39699 39732 40859 41060 41336 41808 42336 43225 44007 44501 46767
50388 51369 51275 52269 52058 50760 49419 50113 47993 45864 44132 42271 41759 41624 41010 42770 43412 44980 46017 45800 45489 44075 42910 41398 40605 40496 39667 39661 41340 42100 43112 43831 44329 45521 46327 46329 48376
50402 50916 50737 51670 51239 49708 48083 48601 46313 44676 43100 41975 42289 42444 41314 43464 44025 45265 45615 46101 46340 44889 43975 42851 41557 40867 40201 40154 42003 42888 44432 44941 45706 46952 47290 46703 48755
49189 49245 49083 49883 49520 48452 47065 47912 45798 44994 43515 42784 44050 44571 43293 45569 46100 46652 45996 46688 46981 45152 44371 43628 42326 41426 41167 40794 42886 43362 45108 45309 46560 47784 47886 46769 48697
48899 48910 48771 49288 48175 46970 45515 45773 43949 43898 42798 42947 44829 45797 44244 46046 46747 46757 45745 46932 47236 45569 44365 43706 41983 40659 40500 40405 42866 43440 45329 45739 47424 48503 48477 47619 49007
46674 46659 46503 46944 45923 45413 44935 44758 43370 43927 42586 43234 45204 46370 44689 46276 47203 46618 45418 46559 46307 44842 43807 43917 43150 42472 43244 44067 46775 46954 48383 48539 49740 49966 49296 47895 48079
46502 46441 46431 46573 45210 44641 44142 43615 42937 43965 42899 43692 45506 46372 44919 46482 47399 46344 45094 45737 45017 43531 43004 43833 43768 43646 45223 46696 49567 49803 50729 50347 50962 50615 49969 48824 48548
44366 44504 44795 44999 43864 44117 44328 43930 44178 45493 44562 45340 47048 47560 45980 47157 47589 46067 44513 44834 43996 42582 42826 44244 44694 44612 46178 48077 50392 50752 50914 50187 50259 49200 48518 47624 46797
43204 43171 43399 43217 42067 42787 43461 43967 45081 47070 46629 47228 48742 48920 47353 48328 47815 45740 43699 43640 42792 41287 42397 44090 44988 45492 46797 49225 51229 51793 51834 51195 50730 48973 47897 47020 45863
42564 42620 43321 43584 42563 43442 43893 44794 46443 48392 47948 48785 49691 48852 46903 47205 45667 43274 41346 41565 41414 40144 42338 44253 45538 46274 47526 49675 51262 51677 51699 51396 50770 48751 47523 46080 44799
42109 41967 42427 42821 42327 43856 44807 46227 47942 49338 48794 49833 50895 50153 48420 47847 45984 43184 41102 41665 41553 39672 41935 43449 45207 46402 48392 50636 51802 52157 52065 51303 50974 48716 47189 45507 44303
42381 42159 42172 42432 41994 43856 45211 47098 48864 50428 49977 50685 51287 50473 48543 47737 46456 44190 42376 43405 43375 41042 42733 43335 44539 45404 47406 49221 50483 50855 51033 50044 50096 47491 46011 44673 43969
43761 43934 43778 44059 43501 45384 46729 47927 49158 50384 50098 51107 51875 51221 48958 47721 46870 44910 43841 45185 45090 42945 43995 43826 44801 44904 47122 48535 50109 51085 51753 50703 51207 48323 46624 45260 45071
44206 44038 43151 43254 42947 45031 46678 47559 48803 49927 49825 50528 51524 51253 49569 48600 48917 47545 46725 47593 47152 45049 45738 45868 47117 46683 48418 48889 49750 50549 51603 50387 51665 49469 47713 46489 45922
45729 45567 44351 44194 43495 45085 46613 46632 47583 48699 49401 49886 51393 51714 50658 49399 50525 49607 48544 48608 48261 46370 46575 47153 48194 47274 48821 48517 49587 50421 51622 50793 52382 50623 49245 48066 47710
44681 44781 43945 43881 43049 43909 45238 44865 45698 47083 48598 49211 51176 52305 52342 51031 52344 51974 51302 51261 51160 49612 48731 48730 49203 47838 48581 47875 48974 49719 51200 51017 52508 50998 49551 47757 47326
46534 46870 46727 46485 45130 45166 45960 45030 45701 47292 48604 48884 50922 52283 53457 52118 53267 52856 51930 51470 51853 50845 49870 49959 50185 48979 49166 48655 49945 50652 52198 52716 53987 53075 51956 49906 49611
45131 45529 45971 46084 45284 45142 45887 45049 45035 46170 46991 46493 48313 49839 51996 50920 52312 52493 52004 51372 52650 51954 50687 50666 50625 49527 49499 48958 50188 50281 51205 51751 52186 51435 50801 48420 48413
45586 45985 46184 46123 45303 45147 45964 45756 44990 45612 46006 45138 46856 48932 51880 51349 52747 53364 53306 52352 53566 52644 50806 50206 50263 49416 49504 49263 50771 50636 51500 52000 52493 51626 51019 48869 48895
46112 47100 47454 47289 46355 46186 46649 46292 44887 45256 44836 44059 45568 47380 50463 50536 51890 52906 53391 51992 53031 52765 51181 50392 50372 48970 48247 47500 48620 47842 48180 48454 48867 48309 48366 47342 48110
47171 47943 48221 47569 46877 46742 46561 46117 44638 44883 44888 44597 46357 47859 50240 50335 51299 52044 52622 50799 51429 51296 50248 49737 50655 49640 49174 48245 49124 48130 48295 48469 48722 48225 48111 47677 48603
47282 47598 47525 46720 46314 46253 45989 45998 44749 44338 43879 43343 43834 44437 46589 47062 48146 49417 50190 48221 48826 48771 48405 47846 49896 49110 49028 47791 48095 46185 46022 45957 47090 47110 47489 47591 48297
49384 49762 49933 49041 48636 47676 46638 46102 44755 43852 43035 42435 41969 41645 43540 44599 45534 47450 48460 46737 47539 47831 47848 46726 48696 48038 47493 46251 46990 45175 44814 44877 45933 46336 46946 48131 49354
49043 49320 49764 49022 49169 48012 46769 45735 44128 42249 41580 41075 40771 40500 42744 44291 45451 47612 48797 46987 47497 47302 47024 45224 47226 47155 46744 45931 46512 44188 43528 43029 43856 44623 45210 47220 48500
50053 49712 49699 48562 48293 46491 45942 45128 43835 41722 41209 40897 40028 39404 41741 43087 44212 46320 46942 44941 45490 45326 45570 44320 46273 46655 46521 46089 46619 44056 43090 41827 42742 43943 44739 47462 49129
48822 47992 47098 45681 45225 43213 43309 43394 42411 40805 40432 40799 39771 38946 40795 41919 43053 45687 46466 44880 44975 44893 44691 43488 45241 45449 45086 44959 45432 42823 42017 40576 41295 42692 43456 46214 47940
49951 49134 48485 46545 45444 43166 43443 43365 42425 40753 40138 41145 40769 40918 43295 44753 45967 48544 48838 47175 46446 46574 45965 44954 46101 45907 45081 44943 44479 41794 40535 39327 40170 42354 43498 46326 48521
49232 48715 48212 46196 44554 41819 42545 42916 42293 41853 41544 42751 42747 43480 45583 46898 47435 49327 48779 47019 45979 46046 45535 45337 46227 45620 44751 44381 43350 40474 39359 38447 39418 41961 43504 45663 47929
48445 47989 47380 45177 43027 40342 40868 41701 41537 42026 42181 43502 43675 44833 46166 47660 47674 49769 49314 48810 48172 48293 47584 47708 48028 47033 45559 44772 43234 40380 39541 38875 39653 42157 43546 45396 47688
48436 48293 47914 46070 44115 41740 41716 42188 42252 43284 43472 44818 45383 46819 47622 49696 49353 51159 50793 50631 50052 49626 48017 47991 47837 46622 44923 44143 42580 39668 39016 38760 39117 41484 43464 45429 47614
