208 34 231 213 32 248 233 56 161 78 24 140 71 48 140 254 245 255 247 247 40 185 248 251 245 28 124 204 204 76 36 1 107 28 234 163 202
224 245 128 167 204 9 92 217 54 239 174 173 102 193 189 190 121 100 108 167 44 43 77 180 204 8 81 70 223 11 38 24 254 210 210 177 32
81 195 243 125 8 169 112 32 97 53 195 13 203 9 47 104 125 117 114 124 165 203 181 235 193 206 70 180 174 0 167 181 41 164 30 116 127
198 245 146 87 224 149 206 57 4 192 210 65 210 129 240 178 105 228 108 245 148 140 40 35 195 38 58 65 207 215 253 65 85 208 76 62 3
237 55 89 232 50 217 64 244 157 199 121 252 90 17 212 203 149 152 140 187 234 177 73 174 193 100 192 143 97 53 145 135 19 103 13 90 135
151 199 91 239 247 33 39 145 101 120 99 3 186 86 99 41 237 203 111 79 220 135 158 42 30 154 120 67 87 167 135 176 183 191 253 115 184
21 233 58 129 233 142 39 128 211 118 137 139 255 114 20 218 113 154 27 127 246 250 1 8 198 250 209 92 222 173 21 88 102 219 66 11 204
168 110 191 233 34 46 251 67 24 37 72 34 205 222 19 148 160 140 2 37 174 218 136 159 112 89 51 131 35 102 97 19 195 61 10 31 64
47 129 61 210 106 251 12 210 231 77 241 12 125 63 125 139 86 227 230 88 94 8 28 41 199 224 99 53 61 69 103 126 24 57 33 125 241
244 244 166 147 193 15 111 60 141 90 13 210 82 3 103 11 232 43 207 166 66 187 33 165 126 115 96 140 183 75 73 190 159 48 207 175 80
46 98 94 88 160 208 199 171 20 97 237 117 198 77 124 233 111 125 114 193 78 27 130 100 130 222 209 92 203 234 164 139 96 35 207 51 136
242 89 253 240 61 224 4 140 99 159 199 150 122 53 138 77 4 120 230 59 49 216 226 49 112 57 37 43 61 58 204 111 121 79 22 236 165
110 162 47 149 231 186 250 90 112 174 28 181 66 41 104 34 152 115 67 10 154 204 182 42 56 212 30 83 75 167 81 107 108 200 130 28 21
254 67 46 205 195 7 68 237 62 186 25 125 88 148 72 60 247 117 54 246 155 139 57 133 48 59 102 125 105 159 43 173 76 101 162 94 38
252 196 9 226 226 245 233 4 203 149 25 196 67 83 85 33 174 74 34 216 184 59 27 128 167 0 126 3 199 73 183 25 231 98 228 90 85
184 178 16 50 131 7 108 190 176 128 65 122 102 231 67 156 239 158 120 220 156 206 125 147 131 46 62 61 85 226 128 7 152 125 79 42 246
250 59 182 191 128 82 120 81 15 243 174 136 10 223 18 239 133 170 24 74 209 16 209 59 184 180 38 49 168 108 132 239 249 36 166 164 204
121 116 111 110 62 211 129 21 232 34 19 44 182 100 158 212 48 205 101 15 71 102 219 134 232 106 158 168 46 160 131 74 211 110 91 3 208
251 75 42 44 27 126 95 50 50 221 125 52 86 157 243 224 235 100 13 242 188 42 68 248 108 144 140 153 241 33 106 145 251 141 77 79 179
30 170 188 138 62 178 210 170 47 45 80 32 225 255 172 43 189 8 16 143 33 225 23 171 2 48 116 94 162 117 135 251 127 40 85 219 64
165 59 96 44 48 152 109 186 123 224 30 181 150 60 57 122 98 4 149 191 64 167 74 19 157 121 67 255 211 136 251 230 186 197 88 52 149
232 27 95 232 217 225 83 209 83 66 168 152 150 5 12 108 197 80 125 41 124 45 109 108 101 24 198 153 249 120 191 178 162 179 18 163 162
8 135 17 75 81 83 135 161 167 254 104 132 209 185 183 62 247 85 136 191 83 174 27 174 156 20 199 117 108 178 23 17 68 17 39 134 71
67 112 123 134 33 117 24 224 30 132 248 241 193 163 68 245 185 61 106 173 121 74 14 171 157 177 125 17 231 65 239 57 235 170 77 216 202
88 57 199 114 172 130 1 59 154 182 99 252 234 167 0 69 118 120 108 0 117 114 197 248 82 77 200 55 120 63 9 206 45 124 184 104 121
55 39 138 87 185 155 72 49 138 189 193 62 84 234 205 68 219 195 3 48 226 73 151 23 22 147 236 174 233 139 251 108 230 164 243 165 239
173 2 162 199 241 6 53 150 181 166 60 84 30 28 155 31 115 249 117 136 169 169 197 181 89 17 169 52 106 110 215 2 213 17 65 87 157
79 149 254 138 68 222 219 67 91 81 191 30 216 240 55 165 247 122 182 163 251 139 194 165 49 139 90 184 50 133 213 254 243 55 196 27 220
28 116 16 85 103 214 114 141 93 30 195 54 160 125 197 104 238 194 249 91 49 197 35 251 178 216 24 213 134 94 135 12 220 249 124 215 100
222 171 19 189 8 133 157 89 188 38 157 150 169 67 243 11 68 193 235 62 30 113 80 176 223 91 59 188 206 101 142 174 241 180 128 113 170
5 39 84 249 108 162 69 45 50 18 210 126 110 201 227 118 100 226 196 165 101 231 206 1 193 177 96 149 55 26 202 253 243 58 83 85 171
176 112 246 213 58 196 236 42 224 220 110 253 120 131 143 226 214 150 37 39 163 51 254 104 163 191 112 211 7 202 21 81 135 136 200 23 188
28 48 34 67 173 115 126 117 48 172 126 45 37 48 14 24 217 82 143 43 237 6 178 212 149 62 208 36 225 39 253 77 0 8 221 104 156
200 253 113 135 4 122 73 205 243 58 43 127 24 230 70 147 51 216 192 189 205 150 150 63 127 170 151 21 145 160 47 169 230 186 6 228 67
251 200 196 153 148 142 237 24 148 237 4 101 30 10 220 149 123 105 216 33 53 155 141 14 161 217 8 115 157 124 92 17 12 56 125 164 49
249 31 243 52 188 37 107 48 175 10 175 162 59 72 254 137 111 177 190 127 86 137 92 113 253 31 185 125 214 218 101 223 218 69 43 53 242
144 89 163 98 106 102 52 183 242 213 21 243 27 16 36 170 42 45 158 94 146 43 13 28 238 39 186 101 188 101 16 7 220 115 239 25 252
234 219 119 201 191 131 186 45 188 102 168 34 55 7 13 240 15 77 107 75 207 85 81 119 226 165 104 6 51 215 6 143 17 218 173 89 20
114 84 13 94 45 203 169 45 84 23 230 15 30 73 253 183 138 126 180 231 255 103 73 17 106 96 118 217 195 93 209 36 25 107 45 222 92
255 14 136 133 101 85 85 44 11 53 219 231 46 172 85 119 110 233 83 26 64 190 33 188 23 143 243 47 71 152 148 76 90 34 81 54 198
229 94 18 49 62 2 13 100 113 232 3 252 229 181 50 163 23 158 78 236 116 225 26 4 254 184 85 151 76 14 15 163 76 75 11 118 129
